[(-15620, -1364, -4824), (-69, 155, 45)]
[(-15604, -1355, -4834), (-81, 184, 29)]
[(-15604, -1355, -4834), (-81, 184, 29)]
[(-15604, -1355, -4834), (-81, 184, 29)]
[(-15604, -1355, -4834), (-81, 184, 29)]
[(-15604, -1355, -4834), (-81, 184, 29)]
[(-15604, -1355, -4834), (-81, 184, 29)]
[(-15604, -1355, -4834), (-81, 184, 29)]
[(-15630, -1374, -4806), (-78, 197, 19)]
[(-15630, -1374, -4806), (-78, 197, 19)]
[(-15630, -1374, -4806), (-78, 197, 19)]
[(-15630, -1374, -4806), (-78, 197, 19)]
[(-15630, -1374, -4806), (-78, 197, 19)]
[(-15630, -1374, -4806), (-78, 197, 19)]
[(-15625, -1365, -4795), (-50, 214, 18)]
[(-15625, -1365, -4795), (-50, 214, 18)]
[(-15625, -1365, -4795), (-50, 214, 18)]
[(-15625, -1365, -4795), (-50, 214, 18)]
[(-15625, -1365, -4795), (-50, 214, 18)]
[(-15639, -1355, -4814), (84, 148, 56)]
[(-15639, -1355, -4814), (84, 148, 56)]
[(-15639, -1355, -4814), (84, 148, 56)]
[(-15639, -1355, -4814), (84, 148, 56)]
[(-15639, -1355, -4814), (84, 148, 56)]
[(-15639, -1355, -4814), (84, 148, 56)]
[(-15639, -1355, -4814), (84, 148, 56)]
[(-15633, -1334, -4828), (45, 145, 37)]
[(-15633, -1334, -4828), (45, 145, 37)]
[(-15633, -1334, -4828), (45, 145, 37)]
[(-15633, -1334, -4828), (45, 145, 37)]
[(-15633, -1334, -4828), (45, 145, 37)]
[(-15633, -1334, -4828), (45, 145, 37)]
[(-15608, -1357, -4822), (5, 155, 15)]
[(-15608, -1357, -4822), (5, 155, 15)]
[(-15608, -1357, -4822), (5, 155, 15)]
[(-15608, -1357, -4822), (5, 155, 15)]
[(-15608, -1357, -4822), (5, 155, 15)]
[(-15631, -1372, -4811), (37, 185, 20)]
[(-15631, -1372, -4811), (37, 185, 20)]
[(-15631, -1372, -4811), (37, 185, 20)]
[(-15631, -1372, -4811), (37, 185, 20)]
[(-15631, -1372, -4811), (37, 185, 20)]
[(-15631, -1372, -4811), (37, 185, 20)]
[(-15631, -1372, -4811), (37, 185, 20)]
[(-15636, -1392, -4796), (18, 196, 15)]
[(-15636, -1392, -4796), (18, 196, 15)]
[(-15636, -1392, -4796), (18, 196, 15)]
[(-15636, -1392, -4796), (18, 196, 15)]
[(-15636, -1392, -4796), (18, 196, 15)]
[(-15636, -1392, -4796), (18, 196, 15)]
[(-15642, -1393, -4833), (-22, 196, 14)]
[(-15642, -1393, -4833), (-22, 196, 14)]
[(-15642, -1393, -4833), (-22, 196, 14)]
[(-15642, -1393, -4833), (-22, 196, 14)]
[(-15642, -1393, -4833), (-22, 196, 14)]
[(-15640, -1408, -4849), (-56, 185, -5)]
[(-15640, -1408, -4849), (-56, 185, -5)]
[(-15640, -1408, -4849), (-56, 185, -5)]
[(-15640, -1408, -4849), (-56, 185, -5)]
[(-15640, -1408, -4849), (-56, 185, -5)]
[(-15640, -1408, -4849), (-56, 185, -5)]
[(-15640, -1408, -4849), (-56, 185, -5)]
[(-15600, -1491, -4877), (238, 68, 11)]
[(-15600, -1491, -4877), (238, 68, 11)]
[(-15600, -1491, -4877), (238, 68, 11)]
[(-15600, -1491, -4877), (238, 68, 11)]
[(-15600, -1491, -4877), (238, 68, 11)]
[(-15600, -1491, -4877), (238, 68, 11)]
[(-15600, -1546, -4852), (70, 149, 81)]
[(-15600, -1546, -4852), (70, 149, 81)]
[(-15600, -1546, -4852), (70, 149, 81)]
[(-15600, -1546, -4852), (70, 149, 81)]
[(-15600, -1546, -4852), (70, 149, 81)]
[(-15596, -1500, -4856), (-164, 180, 95)]
[(-15596, -1500, -4856), (-164, 180, 95)]
[(-15596, -1500, -4856), (-164, 180, 95)]
[(-15596, -1500, -4856), (-164, 180, 95)]
[(-15596, -1500, -4856), (-164, 180, 95)]
[(-15596, -1500, -4856), (-164, 180, 95)]
[(-15610, -1439, -4874), (-451, 363, 61)]
[(-15610, -1439, -4874), (-451, 363, 61)]
[(-15610, -1439, -4874), (-451, 363, 61)]
[(-15610, -1439, -4874), (-451, 363, 61)]
[(-15610, -1439, -4874), (-451, 363, 61)]
[(-15610, -1439, -4874), (-451, 363, 61)]
[(-15610, -1439, -4874), (-451, 363, 61)]
[(-15616, -1423, -4867), (-331, 295, 72)]
[(-15616, -1423, -4867), (-331, 295, 72)]
[(-15616, -1423, -4867), (-331, 295, 72)]
[(-15616, -1423, -4867), (-331, 295, 72)]
[(-15616, -1423, -4867), (-331, 295, 72)]
[(-15614, -1387, -4887), (-291, 298, 20)]
[(-15614, -1387, -4887), (-291, 298, 20)]
[(-15614, -1387, -4887), (-291, 298, 20)]
[(-15614, -1387, -4887), (-291, 298, 20)]
[(-15614, -1387, -4887), (-291, 298, 20)]
[(-15614, -1387, -4887), (-291, 298, 20)]
[(-15596, -1364, -4876), (-191, 357, 23)]
[(-15596, -1364, -4876), (-191, 357, 23)]
[(-15596, -1364, -4876), (-191, 357, 23)]
[(-15596, -1364, -4876), (-191, 357, 23)]
[(-15596, -1364, -4876), (-191, 357, 23)]
[(-15596, -1364, -4876), (-191, 357, 23)]
[(-15596, -1364, -4876), (-191, 357, 23)]
[(-15619, -1307, -4903), (-118, 277, 49)]
[(-15619, -1307, -4903), (-118, 277, 49)]
[(-15619, -1307, -4903), (-118, 277, 49)]
[(-15619, -1307, -4903), (-118, 277, 49)]
[(-15619, -1307, -4903), (-118, 277, 49)]
[(-15627, -1312, -4900), (-165, 260, 53)]
[(-15627, -1312, -4900), (-165, 260, 53)]
[(-15627, -1312, -4900), (-165, 260, 53)]
[(-15627, -1312, -4900), (-165, 260, 53)]
[(-15627, -1312, -4900), (-165, 260, 53)]
[(-15627, -1312, -4900), (-165, 260, 53)]
[(-15618, -1318, -4849), (-118, 253, 33)]
[(-15618, -1318, -4849), (-118, 253, 33)]
[(-15618, -1318, -4849), (-118, 253, 33)]
[(-15618, -1318, -4849), (-118, 253, 33)]
[(-15618, -1318, -4849), (-118, 253, 33)]
[(-15618, -1318, -4849), (-118, 253, 33)]
[(-15618, -1318, -4849), (-118, 253, 33)]
[(-15618, -1347, -4847), (-127, 225, 6)]
[(-15618, -1347, -4847), (-127, 225, 6)]
[(-15618, -1347, -4847), (-127, 225, 6)]
[(-15618, -1347, -4847), (-127, 225, 6)]
[(-15618, -1347, -4847), (-127, 225, 6)]
[(-15633, -1347, -4820), (-154, 215, -4)]
[(-15633, -1347, -4820), (-154, 215, -4)]
[(-15633, -1347, -4820), (-154, 215, -4)]
[(-15633, -1347, -4820), (-154, 215, -4)]
[(-15633, -1347, -4820), (-154, 215, -4)]
[(-15633, -1347, -4820), (-154, 215, -4)]
[(-15655, -1350, -4780), (-109, 209, 14)]
[(-15655, -1350, -4780), (-109, 209, 14)]
[(-15655, -1350, -4780), (-109, 209, 14)]
[(-15655, -1350, -4780), (-109, 209, 14)]
[(-15655, -1350, -4780), (-109, 209, 14)]
[(-15655, -1350, -4780), (-109, 209, 14)]
[(-15672, -1344, -4791), (-133, 206, 5)]
[(-15672, -1344, -4791), (-133, 206, 5)]
[(-15672, -1344, -4791), (-133, 206, 5)]
[(-15672, -1344, -4791), (-133, 206, 5)]
[(-15672, -1344, -4791), (-133, 206, 5)]
[(-15672, -1356, -4763), (-117, 202, 1)]
[(-15672, -1356, -4763), (-117, 202, 1)]
[(-15672, -1356, -4763), (-117, 202, 1)]
[(-15672, -1356, -4763), (-117, 202, 1)]
[(-15672, -1356, -4763), (-117, 202, 1)]
[(-15672, -1356, -4763), (-117, 202, 1)]
[(-15659, -1364, -4756), (-118, 205, -15)]
[(-15659, -1364, -4756), (-118, 205, -15)]
[(-15659, -1364, -4756), (-118, 205, -15)]
[(-15659, -1364, -4756), (-118, 205, -15)]
[(-15659, -1364, -4756), (-118, 205, -15)]
[(-15659, -1364, -4756), (-118, 205, -15)]
[(-15659, -1364, -4756), (-118, 205, -15)]
[(-15653, -1380, -4747), (-100, 240, -10)]
[(-15653, -1380, -4747), (-100, 240, -10)]