[(-15654, -1420, -4712), (-114, 117, -4)]
[(-15669, -1405, -4708), (-71, 154, 19)]
[(-15645, -1391, -4747), (-80, 168, 18)]
[(-15645, -1391, -4747), (-80, 168, 18)]
[(-15645, -1391, -4747), (-80, 168, 18)]
[(-15645, -1391, -4747), (-80, 168, 18)]
[(-15645, -1391, -4747), (-80, 168, 18)]
[(-15647, -1391, -4752), (-92, 164, 5)]
[(-15647, -1391, -4752), (-92, 164, 5)]
[(-15647, -1391, -4752), (-92, 164, 5)]
[(-15647, -1391, -4752), (-92, 164, 5)]
[(-15647, -1391, -4752), (-92, 164, 5)]
[(-15647, -1391, -4752), (-92, 164, 5)]
[(-15647, -1391, -4752), (-92, 164, 5)]
[(-15652, -1406, -4763), (-101, 166, -11)]
[(-15652, -1406, -4763), (-101, 166, -11)]
[(-15652, -1406, -4763), (-101, 166, -11)]
[(-15652, -1406, -4763), (-101, 166, -11)]
[(-15652, -1406, -4763), (-101, 166, -11)]
[(-15644, -1409, -4772), (-112, 149, 0)]
[(-15644, -1409, -4772), (-112, 149, 0)]
[(-15644, -1409, -4772), (-112, 149, 0)]
[(-15644, -1409, -4772), (-112, 149, 0)]
[(-15644, -1409, -4772), (-112, 149, 0)]
[(-15644, -1409, -4772), (-112, 149, 0)]
[(-15638, -1419, -4772), (-125, 160, 23)]
[(-15638, -1419, -4772), (-125, 160, 23)]
[(-15638, -1419, -4772), (-125, 160, 23)]
[(-15638, -1419, -4772), (-125, 160, 23)]
[(-15638, -1419, -4772), (-125, 160, 23)]
[(-15638, -1419, -4772), (-125, 160, 23)]
[(-15638, -1419, -4772), (-125, 160, 23)]
[(-15640, -1419, -4769), (-178, 191, 50)]
[(-15640, -1419, -4769), (-178, 191, 50)]
[(-15640, -1419, -4769), (-178, 191, 50)]
[(-15640, -1419, -4769), (-178, 191, 50)]
[(-15640, -1419, -4769), (-178, 191, 50)]
[(-15701, -1451, -4508), (157, 197, 154)]
[(-15701, -1451, -4508), (157, 197, 154)]
[(-15701, -1451, -4508), (157, 197, 154)]
[(-15701, -1451, -4508), (157, 197, 154)]
[(-15701, -1451, -4508), (157, 197, 154)]
[(-15701, -1451, -4508), (157, 197, 154)]
[(-15693, -1424, -4587), (182, 230, 133)]
[(-15693, -1424, -4587), (182, 230, 133)]
[(-15693, -1424, -4587), (182, 230, 133)]
[(-15693, -1424, -4587), (182, 230, 133)]
[(-15693, -1424, -4587), (182, 230, 133)]
[(-15693, -1424, -4587), (182, 230, 133)]
[(-15693, -1424, -4587), (182, 230, 133)]
[(-15682, -1410, -4647), (84, 217, 96)]
[(-15682, -1410, -4647), (84, 217, 96)]
[(-15682, -1410, -4647), (84, 217, 96)]
[(-15682, -1410, -4647), (84, 217, 96)]
[(-15682, -1410, -4647), (84, 217, 96)]
[(-15666, -1374, -4704), (-161, 385, 78)]
[(-15666, -1374, -4704), (-161, 385, 78)]
[(-15666, -1374, -4704), (-161, 385, 78)]
[(-15666, -1374, -4704), (-161, 385, 78)]
[(-15666, -1374, -4704), (-161, 385, 78)]
[(-15666, -1374, -4704), (-161, 385, 78)]
[(-15632, -1372, -4738), (-120, 333, 91)]
[(-15632, -1372, -4738), (-120, 333, 91)]
[(-15632, -1372, -4738), (-120, 333, 91)]
[(-15632, -1372, -4738), (-120, 333, 91)]
[(-15632, -1372, -4738), (-120, 333, 91)]
[(-15632, -1372, -4738), (-120, 333, 91)]
[(-15632, -1372, -4738), (-120, 333, 91)]
[(-15648, -1344, -4758), (42, 237, 114)]
[(-15648, -1344, -4758), (42, 237, 114)]
[(-15648, -1344, -4758), (42, 237, 114)]
[(-15648, -1344, -4758), (42, 237, 114)]
[(-15648, -1344, -4758), (42, 237, 114)]
[(-15628, -1361, -4790), (-4, 274, 100)]
[(-15628, -1361, -4790), (-4, 274, 100)]
[(-15628, -1361, -4790), (-4, 274, 100)]
[(-15628, -1361, -4790), (-4, 274, 100)]
[(-15628, -1361, -4790), (-4, 274, 100)]
[(-15628, -1361, -4790), (-4, 274, 100)]
[(-15616, -1384, -4763), (167, 145, 90)]
[(-15616, -1384, -4763), (167, 145, 90)]
[(-15616, -1384, -4763), (167, 145, 90)]
[(-15616, -1384, -4763), (167, 145, 90)]
[(-15616, -1384, -4763), (167, 145, 90)]
[(-15616, -1384, -4763), (167, 145, 90)]
[(-15616, -1384, -4763), (167, 145, 90)]
[(-15625, -1400, -4733), (279, 109, 125)]
[(-15625, -1400, -4733), (279, 109, 125)]
[(-15625, -1400, -4733), (279, 109, 125)]
[(-15625, -1400, -4733), (279, 109, 125)]
[(-15625, -1400, -4733), (279, 109, 125)]
[(-15640, -1399, -4701), (201, 142, 81)]
[(-15640, -1399, -4701), (201, 142, 81)]
[(-15640, -1399, -4701), (201, 142, 81)]
[(-15640, -1399, -4701), (201, 142, 81)]
[(-15640, -1399, -4701), (201, 142, 81)]
[(-15640, -1399, -4701), (201, 142, 81)]
[(-15653, -1386, -4707), (110, 159, 59)]
[(-15653, -1386, -4707), (110, 159, 59)]
[(-15653, -1386, -4707), (110, 159, 59)]
[(-15653, -1386, -4707), (110, 159, 59)]
[(-15653, -1386, -4707), (110, 159, 59)]
[(-15653, -1386, -4707), (110, 159, 59)]
[(-15653, -1386, -4707), (110, 159, 59)]
[(-15637, -1386, -4697), (17, 160, 38)]
[(-15637, -1386, -4697), (17, 160, 38)]
[(-15637, -1386, -4697), (17, 160, 38)]
[(-15637, -1386, -4697), (17, 160, 38)]
[(-15637, -1386, -4697), (17, 160, 38)]
[(-15633, -1393, -4692), (-15, 134, 22)]
[(-15633, -1393, -4692), (-15, 134, 22)]
[(-15633, -1393, -4692), (-15, 134, 22)]
[(-15633, -1393, -4692), (-15, 134, 22)]
[(-15633, -1393, -4692), (-15, 134, 22)]
[(-15633, -1393, -4692), (-15, 134, 22)]
[(-15652, -1382, -4688), (-6, 122, 12)]
[(-15652, -1382, -4688), (-6, 122, 12)]
[(-15652, -1382, -4688), (-6, 122, 12)]
[(-15652, -1382, -4688), (-6, 122, 12)]
[(-15652, -1382, -4688), (-6, 122, 12)]
[(-15666, -1411, -4688), (-63, 127, 22)]
[(-15666, -1411, -4688), (-63, 127, 22)]
[(-15666, -1411, -4688), (-63, 127, 22)]
[(-15666, -1411, -4688), (-63, 127, 22)]
[(-15666, -1411, -4688), (-63, 127, 22)]
[(-15666, -1411, -4688), (-63, 127, 22)]
[(-15661, -1404, -4692), (-88, 154, 17)]
[(-15661, -1404, -4692), (-88, 154, 17)]
[(-15661, -1404, -4692), (-88, 154, 17)]
[(-15661, -1404, -4692), (-88, 154, 17)]
[(-15661, -1404, -4692), (-88, 154, 17)]
[(-15661, -1404, -4692), (-88, 154, 17)]
[(-15663, -1393, -4702), (-84, 181, 22)]
[(-15663, -1393, -4702), (-84, 181, 22)]
[(-15663, -1393, -4702), (-84, 181, 22)]
[(-15663, -1393, -4702), (-84, 181, 22)]
[(-15663, -1393, -4702), (-84, 181, 22)]
[(-15668, -1403, -4714), (-105, 191, 12)]
[(-15668, -1403, -4714), (-105, 191, 12)]
[(-15668, -1403, -4714), (-105, 191, 12)]
[(-15668, -1403, -4714), (-105, 191, 12)]
[(-15668, -1403, -4714), (-105, 191, 12)]
[(-15668, -1403, -4714), (-105, 191, 12)]
[(-15668, -1403, -4714), (-105, 191, 12)]
[(-15658, -1400, -4724), (-129, 191, 6)]
[(-15658, -1400, -4724), (-129, 191, 6)]
[(-15658, -1400, -4724), (-129, 191, 6)]