[(-15555, 1492, -5316), (-26, 199, 14)]
[(-15588, 1495, -5323), (-37, 204, 25)]
[(-15588, 1495, -5323), (-37, 204, 25)]
[(-15588, 1495, -5323), (-37, 204, 25)]
[(-15588, 1495, -5323), (-37, 204, 25)]
[(-15588, 1495, -5323), (-37, 204, 25)]
[(-15569, 1506, -5356), (-62, 209, 9)]
[(-15569, 1506, -5356), (-62, 209, 9)]
[(-15569, 1506, -5356), (-62, 209, 9)]
[(-15569, 1506, -5356), (-62, 209, 9)]
[(-15569, 1506, -5356), (-62, 209, 9)]
[(-15569, 1506, -5356), (-62, 209, 9)]
[(-15563, 1484, -5312), (-52, 202, 13)]
[(-15563, 1484, -5312), (-52, 202, 13)]
[(-15563, 1484, -5312), (-52, 202, 13)]
[(-15563, 1484, -5312), (-52, 202, 13)]
[(-15563, 1484, -5312), (-52, 202, 13)]
[(-15563, 1484, -5312), (-52, 202, 13)]
[(-15563, 1484, -5312), (-52, 202, 13)]
[(-15574, 1480, -5304), (-85, 197, 19)]
[(-15574, 1480, -5304), (-85, 197, 19)]
[(-15574, 1480, -5304), (-85, 197, 19)]
[(-15574, 1480, -5304), (-85, 197, 19)]
[(-15574, 1480, -5304), (-85, 197, 19)]
[(-15574, 1480, -5304), (-85, 197, 19)]
[(-15565, 1448, -5312), (-71, 189, 14)]
[(-15565, 1448, -5312), (-71, 189, 14)]
[(-15565, 1448, -5312), (-71, 189, 14)]
[(-15565, 1448, -5312), (-71, 189, 14)]
[(-15565, 1448, -5312), (-71, 189, 14)]
[(-15555, 1445, -5311), (-104, 157, 41)]
[(-15555, 1445, -5311), (-104, 157, 41)]
[(-15555, 1445, -5311), (-104, 157, 41)]
[(-15555, 1445, -5311), (-104, 157, 41)]
[(-15555, 1445, -5311), (-104, 157, 41)]
[(-15555, 1445, -5311), (-104, 157, 41)]
[(-15555, 1445, -5311), (-104, 157, 41)]
[(-15552, 1442, -5328), (-273, 252, 18)]
[(-15552, 1442, -5328), (-273, 252, 18)]
[(-15552, 1442, -5328), (-273, 252, 18)]
[(-15552, 1442, -5328), (-273, 252, 18)]
[(-15552, 1442, -5328), (-273, 252, 18)]
[(-15552, 1442, -5328), (-273, 252, 18)]
[(-15550, 1443, -5387), (-400, 404, 39)]
[(-15550, 1443, -5387), (-400, 404, 39)]
[(-15550, 1443, -5387), (-400, 404, 39)]
[(-15550, 1443, -5387), (-400, 404, 39)]
[(-15550, 1443, -5387), (-400, 404, 39)]
[(-15545, 1458, -5441), (-357, 616, 101)]
[(-15545, 1458, -5441), (-357, 616, 101)]
[(-15545, 1458, -5441), (-357, 616, 101)]
[(-15545, 1458, -5441), (-357, 616, 101)]
[(-15545, 1458, -5441), (-357, 616, 101)]
[(-15545, 1458, -5441), (-357, 616, 101)]
[(-15545, 1458, -5441), (-357, 616, 101)]
[(-15530, 1516, -5540), (-438, 667, 88)]
[(-15530, 1516, -5540), (-438, 667, 88)]
[(-15530, 1516, -5540), (-438, 667, 88)]
[(-15530, 1516, -5540), (-438, 667, 88)]
[(-15530, 1516, -5540), (-438, 667, 88)]
[(-15530, 1516, -5540), (-438, 667, 88)]
[(-15507, 1525, -5600), (-391, 564, 68)]
[(-15507, 1525, -5600), (-391, 564, 68)]
[(-15507, 1525, -5600), (-391, 564, 68)]
[(-15507, 1525, -5600), (-391, 564, 68)]
[(-15507, 1525, -5600), (-391, 564, 68)]
[(-15442, 1545, -5668), (-278, 387, 75)]
[(-15442, 1545, -5668), (-278, 387, 75)]
[(-15442, 1545, -5668), (-278, 387, 75)]
[(-15442, 1545, -5668), (-278, 387, 75)]
[(-15442, 1545, -5668), (-278, 387, 75)]
[(-15442, 1545, -5668), (-278, 387, 75)]
[(-15442, 1545, -5668), (-278, 387, 75)]
[(-15405, 1512, -5652), (101, -157, 67)]
[(-15405, 1512, -5652), (101, -157, 67)]
[(-15405, 1512, -5652), (101, -157, 67)]
[(-15405, 1512, -5652), (101, -157, 67)]
[(-15405, 1512, -5652), (101, -157, 67)]
[(-15405, 1512, -5652), (101, -157, 67)]
[(-15337, 1541, -5676), (-76, -351, -30)]
[(-15337, 1541, -5676), (-76, -351, -30)]
[(-15337, 1541, -5676), (-76, -351, -30)]
[(-15337, 1541, -5676), (-76, -351, -30)]
[(-15337, 1541, -5676), (-76, -351, -30)]
[(-15337, 1541, -5676), (-76, -351, -30)]
[(-15337, 1541, -5676), (-76, -351, -30)]
[(-15380, 1540, -5618), (-114, -242, 2)]
[(-15380, 1540, -5618), (-114, -242, 2)]
[(-15380, 1540, -5618), (-114, -242, 2)]
[(-15380, 1540, -5618), (-114, -242, 2)]
[(-15380, 1540, -5618), (-114, -242, 2)]
[(-15394, 1537, -5591), (-179, -145, 37)]
[(-15394, 1537, -5591), (-179, -145, 37)]
[(-15394, 1537, -5591), (-179, -145, 37)]
[(-15394, 1537, -5591), (-179, -145, 37)]
[(-15394, 1537, -5591), (-179, -145, 37)]
[(-15394, 1537, -5591), (-179, -145, 37)]
[(-15439, 1600, -5520), (-260, -77, 171)]
[(-15439, 1600, -5520), (-260, -77, 171)]
[(-15439, 1600, -5520), (-260, -77, 171)]
[(-15439, 1600, -5520), (-260, -77, 171)]
[(-15439, 1600, -5520), (-260, -77, 171)]
[(-15439, 1600, -5520), (-260, -77, 171)]
[(-15439, 1600, -5520), (-260, -77, 171)]
[(-15452, 1660, -5473), (-295, 70, 269)]
[(-15452, 1660, -5473), (-295, 70, 269)]
[(-15452, 1660, -5473), (-295, 70, 269)]
[(-15495, 1628, -5433), (-182, 93, 119)]
[(-15495, 1628, -5433), (-182, 93, 119)]
[(-15495, 1628, -5433), (-182, 93, 119)]
[(-15495, 1628, -5433), (-182, 93, 119)]
[(-15495, 1628, -5433), (-182, 93, 119)]
[(-15495, 1628, -5433), (-182, 93, 119)]
[(-15495, 1628, -5433), (-182, 93, 119)]
[(-15514, 1591, -5466), (-39, 91, 98)]
[(-15514, 1591, -5466), (-39, 91, 98)]
[(-15514, 1591, -5466), (-39, 91, 98)]
[(-15514, 1591, -5466), (-39, 91, 98)]
[(-15514, 1591, -5466), (-39, 91, 98)]
[(-15500, 1760, -5399), (-527, 82, 390)]
[(-15500, 1760, -5399), (-527, 82, 390)]
[(-15500, 1760, -5399), (-527, 82, 390)]
[(-15500, 1760, -5399), (-527, 82, 390)]
[(-15500, 1760, -5399), (-527, 82, 390)]
[(-15496, 1718, -5374), (-209, 41, 78)]
[(-15496, 1718, -5374), (-209, 41, 78)]
[(-15496, 1718, -5374), (-209, 41, 78)]
[(-15496, 1718, -5374), (-209, 41, 78)]
[(-15496, 1718, -5374), (-209, 41, 78)]
[(-15496, 1718, -5374), (-209, 41, 78)]
[(-15496, 1718, -5374), (-209, 41, 78)]
[(-15496, 1718, -5374), (-209, 41, 78)]
[(-15439, 1724, -5388), (-45, 96, 162)]
[(-15439, 1724, -5388), (-45, 96, 162)]
[(-15439, 1724, -5388), (-45, 96, 162)]