[(-15580, 1637, -5168), (-41, 211, -18)]
[(-15567, 1613, -5167), (-61, 206, -9)]
[(-15567, 1613, -5167), (-61, 206, -9)]
[(-15567, 1613, -5167), (-61, 206, -9)]
[(-15567, 1613, -5167), (-61, 206, -9)]
[(-15567, 1613, -5167), (-61, 206, -9)]
[(-15561, 1617, -5173), (-73, 213, -1)]
[(-15561, 1617, -5173), (-73, 213, -1)]
[(-15561, 1617, -5173), (-73, 213, -1)]
[(-15561, 1617, -5173), (-73, 213, -1)]
[(-15561, 1617, -5173), (-73, 213, -1)]
[(-15561, 1617, -5173), (-73, 213, -1)]
[(-15566, 1620, -5203), (-70, 223, -8)]
[(-15566, 1620, -5203), (-70, 223, -8)]
[(-15566, 1620, -5203), (-70, 223, -8)]
[(-15566, 1620, -5203), (-70, 223, -8)]
[(-15566, 1620, -5203), (-70, 223, -8)]
[(-15566, 1620, -5203), (-70, 223, -8)]
[(-15566, 1620, -5203), (-70, 223, -8)]
[(-15566, 1620, -5203), (-70, 223, -8)]
[(-15566, 1620, -5203), (-70, 223, -8)]
[(-15566, 1620, -5203), (-70, 223, -8)]
[(-15566, 1620, -5203), (-70, 223, -8)]
[(-15580, 1621, -5199), (-7, 207, 41)]
[(-15580, 1621, -5199), (-7, 207, 41)]
[(-15565, 1640, -5217), (-67, 273, 7)]
[(-15565, 1640, -5217), (-67, 273, 7)]
[(-15565, 1640, -5217), (-67, 273, 7)]
[(-15565, 1640, -5217), (-67, 273, 7)]
[(-15565, 1640, -5217), (-67, 273, 7)]
[(-15549, 1614, -5236), (-186, 391, 8)]
[(-15549, 1614, -5236), (-186, 391, 8)]
[(-15549, 1614, -5236), (-186, 391, 8)]
[(-15549, 1614, -5236), (-186, 391, 8)]
[(-15549, 1614, -5236), (-186, 391, 8)]
[(-15549, 1614, -5236), (-186, 391, 8)]
[(-15549, 1614, -5236), (-186, 391, 8)]
[(-15562, 1625, -5284), (-182, 704, 36)]
[(-15562, 1625, -5284), (-182, 704, 36)]
[(-15562, 1625, -5284), (-182, 704, 36)]
[(-15562, 1625, -5284), (-182, 704, 36)]
[(-15562, 1625, -5284), (-182, 704, 36)]
[(-15562, 1625, -5284), (-182, 704, 36)]
[(-15531, 1620, -5422), (-327, 766, 16)]
[(-15531, 1620, -5422), (-327, 766, 16)]
[(-15531, 1620, -5422), (-327, 766, 16)]
[(-15531, 1620, -5422), (-327, 766, 16)]
[(-15531, 1620, -5422), (-327, 766, 16)]
[(-15498, 1632, -5520), (-269, 624, 14)]
[(-15498, 1632, -5520), (-269, 624, 14)]
[(-15498, 1632, -5520), (-269, 624, 14)]
[(-15498, 1632, -5520), (-269, 624, 14)]
[(-15498, 1632, -5520), (-269, 624, 14)]
[(-15476, 1641, -5592), (-209, 428, 16)]
[(-15476, 1641, -5592), (-209, 428, 16)]
[(-15476, 1641, -5592), (-209, 428, 16)]
[(-15476, 1641, -5592), (-209, 428, 16)]
[(-15476, 1641, -5592), (-209, 428, 16)]
[(-15476, 1641, -5592), (-209, 428, 16)]
[(-15476, 1641, -5592), (-209, 428, 16)]
[(-15476, 1641, -5592), (-209, 428, 16)]
[(-15472, 1631, -5583), (-22, 235, 27)]
[(-15472, 1631, -5583), (-22, 235, 27)]
[(-15472, 1631, -5583), (-22, 235, 27)]
[(-15472, 1631, -5583), (-22, 235, 27)]
[(-15472, 1631, -5583), (-22, 235, 27)]
[(-15515, 1639, -5565), (163, 1, 54)]
[(-15515, 1639, -5565), (163, 1, 54)]
[(-15515, 1639, -5565), (163, 1, 54)]
[(-15515, 1639, -5565), (163, 1, 54)]
[(-15515, 1639, -5565), (163, 1, 54)]
[(-15504, 1658, -5558), (228, -76, 109)]
[(-15504, 1658, -5558), (228, -76, 109)]
[(-15504, 1658, -5558), (228, -76, 109)]
[(-15504, 1658, -5558), (228, -76, 109)]
[(-15504, 1658, -5558), (228, -76, 109)]
[(-15504, 1658, -5558), (228, -76, 109)]
[(-15504, 1658, -5558), (228, -76, 109)]
[(-15504, 1658, -5558), (228, -76, 109)]
[(-15508, 1653, -5517), (124, -160, 153)]
[(-15508, 1653, -5517), (124, -160, 153)]
[(-15508, 1653, -5517), (124, -160, 153)]
[(-15508, 1653, -5517), (124, -160, 153)]
[(-15508, 1653, -5517), (124, -160, 153)]
[(-15540, 1635, -5436), (52, -109, 171)]
[(-15540, 1635, -5436), (52, -109, 171)]
[(-15540, 1635, -5436), (52, -109, 171)]
[(-15540, 1635, -5436), (52, -109, 171)]
[(-15540, 1635, -5436), (52, -109, 171)]
[(-15530, 1720, -5388), (-137, 53, 318)]
[(-15530, 1720, -5388), (-137, 53, 318)]
[(-15530, 1720, -5388), (-137, 53, 318)]
[(-15530, 1720, -5388), (-137, 53, 318)]
[(-15530, 1720, -5388), (-137, 53, 318)]
[(-15530, 1720, -5388), (-137, 53, 318)]
[(-15530, 1720, -5388), (-137, 53, 318)]
[(-15530, 1720, -5388), (-137, 53, 318)]
[(-15516, 1723, -5350), (-172, 129, 300)]
[(-15516, 1723, -5350), (-172, 129, 300)]
[(-15516, 1723, -5350), (-172, 129, 300)]
[(-15516, 1723, -5350), (-172, 129, 300)]
[(-15516, 1723, -5350), (-172, 129, 300)]
[(-15508, 1841, -5356), (-80, 121, 132)]
[(-15508, 1841, -5356), (-80, 121, 132)]
[(-15508, 1841, -5356), (-80, 121, 132)]
[(-15458, 1843, -5297), (2, 26, 7)]
[(-15458, 1843, -5297), (2, 26, 7)]
[(-15458, 1843, -5297), (2, 26, 7)]
[(-15458, 1843, -5297), (2, 26, 7)]
[(-15458, 1843, -5297), (2, 26, 7)]
[(-15458, 1843, -5297), (2, 26, 7)]
[(-15458, 1843, -5297), (2, 26, 7)]
[(-15458, 1843, -5297), (2, 26, 7)]
[(-15464, 1884, -5250), (-182, 56, 122)]
[(-15464, 1884, -5250), (-182, 56, 122)]
[(-15464, 1884, -5250), (-182, 56, 122)]
[(-15464, 1884, -5250), (-182, 56, 122)]
[(-15464, 1884, -5250), (-182, 56, 122)]
[(-15510, 1879, -5234), (103, 17, -55)]
[(-15510, 1879, -5234), (103, 17, -55)]
[(-15510, 1879, -5234), (103, 17, -55)]
[(-15510, 1879, -5234), (103, 17, -55)]
[(-15510, 1879, -5234), (103, 17, -55)]
[(-15510, 1879, -5234), (103, 17, -55)]
[(-15510, 1879, -5234), (103, 17, -55)]
[(-15474, 1941, -5247), (-58, 150, 179)]
[(-15474, 1941, -5247), (-58, 150, 179)]