[(-15699, 1749, -4483), (-22, 186, 29)]
[(-15736, 1740, -4476), (-13, 214, 44)]
[(-15736, 1740, -4476), (-13, 214, 44)]
[(-15736, 1740, -4476), (-13, 214, 44)]
[(-15736, 1740, -4476), (-13, 214, 44)]
[(-15736, 1740, -4476), (-13, 214, 44)]
[(-15725, 1773, -4458), (-28, 206, 59)]
[(-15725, 1773, -4458), (-28, 206, 59)]
[(-15725, 1773, -4458), (-28, 206, 59)]
[(-15725, 1773, -4458), (-28, 206, 59)]
[(-15725, 1773, -4458), (-28, 206, 59)]
[(-15725, 1773, -4458), (-28, 206, 59)]
[(-15711, 1773, -4460), (-47, 198, 67)]
[(-15711, 1773, -4460), (-47, 198, 67)]
[(-15711, 1773, -4460), (-47, 198, 67)]
[(-15711, 1773, -4460), (-47, 198, 67)]
[(-15711, 1773, -4460), (-47, 198, 67)]
[(-15711, 1773, -4460), (-47, 198, 67)]
[(-15711, 1773, -4460), (-47, 198, 67)]
[(-15705, 1772, -4466), (-31, 196, 72)]
[(-15705, 1772, -4466), (-31, 196, 72)]
[(-15705, 1772, -4466), (-31, 196, 72)]
[(-15705, 1772, -4466), (-31, 196, 72)]
[(-15705, 1772, -4466), (-31, 196, 72)]
[(-15705, 1772, -4466), (-31, 196, 72)]
[(-15727, 1782, -4477), (-32, 193, 60)]
[(-15727, 1782, -4477), (-32, 193, 60)]
[(-15727, 1782, -4477), (-32, 193, 60)]
[(-15727, 1782, -4477), (-32, 193, 60)]
[(-15727, 1782, -4477), (-32, 193, 60)]
[(-15713, 1774, -4489), (-54, 193, 62)]
[(-15713, 1774, -4489), (-54, 193, 62)]
[(-15713, 1774, -4489), (-54, 193, 62)]
[(-15713, 1774, -4489), (-54, 193, 62)]
[(-15713, 1774, -4489), (-54, 193, 62)]
[(-15713, 1774, -4489), (-54, 193, 62)]
[(-15713, 1774, -4489), (-54, 193, 62)]
[(-15704, 1787, -4472), (-22, 171, 42)]
[(-15704, 1787, -4472), (-22, 171, 42)]
[(-15704, 1787, -4472), (-22, 171, 42)]
[(-15704, 1787, -4472), (-22, 171, 42)]
[(-15704, 1787, -4472), (-22, 171, 42)]
[(-15704, 1787, -4472), (-22, 171, 42)]
[(-15704, 1787, -4472), (-22, 171, 42)]
[(-15704, 1787, -4472), (-22, 171, 42)]
[(-15697, 1763, -4480), (-44, 176, 46)]
[(-15697, 1763, -4480), (-44, 176, 46)]
[(-15697, 1763, -4480), (-44, 176, 46)]
[(-15697, 1799, -4472), (-45, 180, 70)]
[(-15697, 1799, -4472), (-45, 180, 70)]
[(-15697, 1799, -4472), (-45, 180, 70)]
[(-15697, 1799, -4472), (-45, 180, 70)]
[(-15697, 1799, -4472), (-45, 180, 70)]
[(-15697, 1799, -4472), (-45, 180, 70)]
[(-15697, 1799, -4472), (-45, 180, 70)]
[(-15684, 1814, -4480), (-55, 180, 50)]
[(-15684, 1814, -4480), (-55, 180, 50)]
[(-15684, 1814, -4480), (-55, 180, 50)]
[(-15684, 1814, -4480), (-55, 180, 50)]
[(-15684, 1814, -4480), (-55, 180, 50)]
[(-15684, 1814, -4480), (-55, 180, 50)]
[(-15693, 1792, -4444), (-48, 186, 32)]
[(-15693, 1792, -4444), (-48, 186, 32)]
[(-15693, 1792, -4444), (-48, 186, 32)]
[(-15693, 1792, -4444), (-48, 186, 32)]
[(-15693, 1792, -4444), (-48, 186, 32)]
[(-15688, 1784, -4451), (-80, 184, 34)]
[(-15688, 1784, -4451), (-80, 184, 34)]
[(-15688, 1784, -4451), (-80, 184, 34)]
[(-15688, 1784, -4451), (-80, 184, 34)]
[(-15688, 1784, -4451), (-80, 184, 34)]
[(-15688, 1784, -4451), (-80, 184, 34)]
[(-15688, 1784, -4451), (-80, 184, 34)]
[(-15688, 1784, -4451), (-80, 184, 34)]
[(-15688, 1784, -4451), (-80, 184, 34)]
[(-15692, 1812, -4442), (-65, 218, 49)]
[(-15692, 1812, -4442), (-65, 218, 49)]
[(-15692, 1812, -4442), (-65, 218, 49)]
[(-15692, 1812, -4442), (-65, 218, 49)]
[(-15670, 1803, -4432), (-56, 206, 41)]
[(-15670, 1803, -4432), (-56, 206, 41)]
[(-15670, 1803, -4432), (-56, 206, 41)]
[(-15670, 1803, -4432), (-56, 206, 41)]
[(-15670, 1803, -4432), (-56, 206, 41)]
[(-15685, 1808, -4470), (-87, 193, 39)]
[(-15685, 1808, -4470), (-87, 193, 39)]
[(-15685, 1808, -4470), (-87, 193, 39)]
[(-15685, 1808, -4470), (-87, 193, 39)]
[(-15685, 1808, -4470), (-87, 193, 39)]
[(-15685, 1808, -4470), (-87, 193, 39)]
[(-15688, 1792, -4453), (-120, 202, 28)]
[(-15688, 1792, -4453), (-120, 202, 28)]
[(-15688, 1792, -4453), (-120, 202, 28)]
[(-15688, 1792, -4453), (-120, 202, 28)]
[(-15688, 1792, -4453), (-120, 202, 28)]
[(-15688, 1792, -4453), (-120, 202, 28)]
[(-15688, 1792, -4453), (-120, 202, 28)]
[(-15703, 1799, -4455), (-111, 205, 24)]
[(-15703, 1799, -4455), (-111, 205, 24)]
[(-15703, 1799, -4455), (-111, 205, 24)]
[(-15703, 1799, -4455), (-111, 205, 24)]
[(-15703, 1799, -4455), (-111, 205, 24)]
[(-15708, 1828, -4452), (-88, 204, 24)]
[(-15708, 1828, -4452), (-88, 204, 24)]
[(-15708, 1828, -4452), (-88, 204, 24)]
[(-15708, 1828, -4452), (-88, 204, 24)]
[(-15712, 1848, -4449), (-92, 212, 21)]
[(-15712, 1848, -4449), (-92, 212, 21)]
[(-15712, 1848, -4449), (-92, 212, 21)]
[(-15712, 1848, -4449), (-92, 212, 21)]
[(-15712, 1848, -4449), (-92, 212, 21)]
[(-15712, 1848, -4449), (-92, 212, 21)]
[(-15712, 1848, -4449), (-92, 212, 21)]
[(-15712, 1848, -4449), (-92, 212, 21)]
[(-15712, 1848, -4449), (-92, 212, 21)]
[(-15712, 1848, -4449), (-92, 212, 21)]
[(-15721, 1843, -4452), (-91, 167, 53)]
[(-15721, 1843, -4452), (-91, 167, 53)]
[(-15721, 1843, -4452), (-91, 167, 53)]
[(-15721, 1843, -4452), (-91, 167, 53)]
[(-15733, 1862, -4459), (-52, 159, 45)]
[(-15733, 1862, -4459), (-52, 159, 45)]
[(-15733, 1862, -4459), (-52, 159, 45)]
[(-15733, 1862, -4459), (-52, 159, 45)]
[(-15733, 1862, -4459), (-52, 159, 45)]
[(-15724, 1856, -4449), (-68, 174, 40)]
[(-15724, 1856, -4449), (-68, 174, 40)]