[(-14579, 4866, -6388), (-268, 274, 41)]
[(-14564, 4872, -6384), (-214, 290, 45)]
[(-14564, 4872, -6384), (-214, 290, 45)]
[(-14564, 4872, -6384), (-214, 290, 45)]
[(-14508, 4855, -6427), (-197, 265, 25)]
[(-14508, 4855, -6427), (-197, 265, 25)]
[(-14508, 4855, -6427), (-197, 265, 25)]
[(-14508, 4855, -6427), (-197, 265, 25)]
[(-14508, 4855, -6427), (-197, 265, 25)]
[(-14537, 4846, -6420), (-201, 317, 4)]
[(-14537, 4846, -6420), (-201, 317, 4)]
[(-14537, 4846, -6420), (-201, 317, 4)]
[(-14537, 4846, -6420), (-201, 317, 4)]
[(-14537, 4846, -6420), (-201, 317, 4)]
[(-14537, 4846, -6420), (-201, 317, 4)]
[(-14504, 4844, -6436), (-47, 114, 28)]
[(-14504, 4844, -6436), (-47, 114, 28)]
[(-14504, 4844, -6436), (-47, 114, 28)]
[(-14504, 4844, -6436), (-47, 114, 28)]
[(-14504, 4844, -6436), (-47, 114, 28)]
[(-14504, 4844, -6436), (-47, 114, 28)]
[(-14504, 4844, -6436), (-47, 114, 28)]
[(-14530, 4884, -6399), (-23, 145, -1)]
[(-14530, 4884, -6399), (-23, 145, -1)]
[(-14530, 4884, -6399), (-23, 145, -1)]
[(-14530, 4884, -6399), (-23, 145, -1)]
[(-14530, 4884, -6399), (-23, 145, -1)]
[(-14565, 4869, -6356), (-127, 348, -49)]
[(-14565, 4869, -6356), (-127, 348, -49)]
[(-14565, 4869, -6356), (-127, 348, -49)]
[(-14565, 4869, -6356), (-127, 348, -49)]
[(-14565, 4869, -6356), (-127, 348, -49)]
[(-14565, 4869, -6356), (-127, 348, -49)]
[(-14565, 4869, -6356), (-127, 348, -49)]
[(-14579, 4855, -6387), (-104, 301, -26)]
[(-14579, 4855, -6387), (-104, 301, -26)]
[(-14579, 4855, -6387), (-104, 301, -26)]
[(-14579, 4855, -6387), (-104, 301, -26)]
[(-14579, 4855, -6387), (-104, 301, -26)]
[(-14579, 4855, -6387), (-104, 301, -26)]
[(-14578, 4875, -6385), (-93, 280, -2)]
[(-14578, 4875, -6385), (-93, 280, -2)]
[(-14578, 4875, -6385), (-93, 280, -2)]
[(-14578, 4875, -6385), (-93, 280, -2)]
[(-14578, 4875, -6385), (-93, 280, -2)]
[(-14578, 4875, -6385), (-93, 280, -2)]
[(-14578, 4875, -6385), (-93, 280, -2)]
[(-14539, 4873, -6389), (-185, 510, -26)]
[(-14539, 4873, -6389), (-185, 510, -26)]
[(-14539, 4873, -6389), (-185, 510, -26)]
[(-14539, 4873, -6389), (-185, 510, -26)]
[(-14496, 4884, -6466), (-224, 495, -31)]
[(-14496, 4884, -6466), (-224, 495, -31)]
[(-14496, 4884, -6466), (-224, 495, -31)]
[(-14496, 4884, -6466), (-224, 495, -31)]
[(-14496, 4884, -6466), (-224, 495, -31)]
[(-14496, 4884, -6466), (-224, 495, -31)]
[(-14496, 4884, -6466), (-224, 495, -31)]
[(-14521, 4923, -6435), (-165, 420, -4)]
[(-14521, 4923, -6435), (-165, 420, -4)]
[(-14521, 4923, -6435), (-165, 420, -4)]
[(-14521, 4923, -6435), (-165, 420, -4)]
[(-14521, 4923, -6435), (-165, 420, -4)]
[(-14508, 4921, -6475), (123, 284, 39)]
[(-14508, 4921, -6475), (123, 284, 39)]
[(-14508, 4921, -6475), (123, 284, 39)]
[(-14508, 4921, -6475), (123, 284, 39)]
[(-14508, 4921, -6475), (123, 284, 39)]
[(-14508, 4921, -6475), (123, 284, 39)]
[(-14329, 4828, -6473), (44, 271, 59)]
[(-14329, 4828, -6473), (44, 271, 59)]
[(-14329, 4828, -6473), (44, 271, 59)]
[(-14329, 4828, -6473), (44, 271, 59)]
[(-14329, 4828, -6473), (44, 271, 59)]
[(-14329, 4828, -6473), (44, 271, 59)]
[(-14329, 4828, -6473), (44, 271, 59)]
[(-14364, 4813, -6432), (15, 308, 90)]
[(-14364, 4813, -6432), (15, 308, 90)]
[(-14364, 4813, -6432), (15, 308, 90)]
[(-14364, 4813, -6432), (15, 308, 90)]
[(-14364, 4813, -6432), (15, 308, 90)]
[(-14386, 4809, -6413), (-6, 254, 103)]
[(-14386, 4809, -6413), (-6, 254, 103)]
[(-14386, 4809, -6413), (-6, 254, 103)]
[(-14386, 4809, -6413), (-6, 254, 103)]
[(-14386, 4809, -6413), (-6, 254, 103)]
[(-14386, 4809, -6413), (-6, 254, 103)]
[(-14408, 4812, -6411), (-13, 281, 114)]
[(-14408, 4812, -6411), (-13, 281, 114)]
[(-14408, 4812, -6411), (-13, 281, 114)]
[(-14408, 4812, -6411), (-13, 281, 114)]
[(-14408, 4812, -6411), (-13, 281, 114)]
[(-14408, 4812, -6411), (-13, 281, 114)]
[(-14408, 4812, -6411), (-13, 281, 114)]
[(-14396, 4941, -6408), (-225, 220, 165)]
[(-14396, 4941, -6408), (-225, 220, 165)]
[(-14396, 4941, -6408), (-225, 220, 165)]
[(-14396, 4941, -6408), (-225, 220, 165)]
[(-14396, 4941, -6408), (-225, 220, 165)]
[(-14396, 4941, -6408), (-225, 220, 165)]
[(-14420, 4895, -6343), (-440, 276, 36)]
[(-14420, 4895, -6343), (-440, 276, 36)]
[(-14420, 4895, -6343), (-440, 276, 36)]
[(-14420, 4895, -6343), (-440, 276, 36)]
[(-14440, 4844, -6316), (-36, 241, 9)]
[(-14440, 4844, -6316), (-36, 241, 9)]
[(-14440, 4844, -6316), (-36, 241, 9)]
[(-14440, 4844, -6316), (-36, 241, 9)]
[(-14440, 4844, -6316), (-36, 241, 9)]
[(-14436, 4942, -6352), (-30, 272, -22)]
[(-14436, 4942, -6352), (-30, 272, -22)]
[(-14436, 4942, -6352), (-30, 272, -22)]
[(-14436, 4942, -6352), (-30, 272, -22)]
[(-14436, 4942, -6352), (-30, 272, -22)]
[(-14436, 4942, -6352), (-30, 272, -22)]
[(-14436, 4942, -6352), (-30, 272, -22)]
[(-14440, 4893, -6373), (-144, 249, -47)]
[(-14440, 4893, -6373), (-144, 249, -47)]
[(-14440, 4893, -6373), (-144, 249, -47)]
[(-14440, 4893, -6373), (-144, 249, -47)]
[(-14440, 4893, -6373), (-144, 249, -47)]
[(-14440, 4893, -6373), (-144, 249, -47)]
[(-14454, 4897, -6371), (-59, 292, -23)]
[(-14454, 4897, -6371), (-59, 292, -23)]