[(-15819, -1556, -3699), (-148, 166, -15)]
[(-15811, -1557, -3696), (-132, 155, -13)]
[(-15811, -1557, -3696), (-132, 155, -13)]
[(-15811, -1557, -3696), (-132, 155, -13)]
[(-15801, -1566, -3696), (-84, 158, -4)]
[(-15801, -1566, -3696), (-84, 158, -4)]
[(-15801, -1566, -3696), (-84, 158, -4)]
[(-15801, -1566, -3696), (-84, 158, -4)]
[(-15801, -1566, -3696), (-84, 158, -4)]
[(-15811, -1556, -3697), (130, 208, 15)]
[(-15811, -1556, -3697), (130, 208, 15)]
[(-15811, -1556, -3697), (130, 208, 15)]
[(-15811, -1556, -3697), (130, 208, 15)]
[(-15811, -1556, -3697), (130, 208, 15)]
[(-15817, -1589, -3704), (352, 217, 38)]
[(-15817, -1589, -3704), (352, 217, 38)]
[(-15817, -1589, -3704), (352, 217, 38)]
[(-15817, -1589, -3704), (352, 217, 38)]
[(-15817, -1589, -3704), (352, 217, 38)]
[(-15817, -1589, -3704), (352, 217, 38)]
[(-15817, -1589, -3704), (352, 217, 38)]
[(-15817, -1589, -3704), (352, 217, 38)]
[(-15811, -1594, -3681), (281, 264, 9)]
[(-15811, -1594, -3681), (281, 264, 9)]
[(-15811, -1594, -3681), (281, 264, 9)]
[(-15811, -1594, -3681), (281, 264, 9)]
[(-15811, -1594, -3681), (281, 264, 9)]
[(-15820, -1588, -3631), (145, 252, -13)]
[(-15820, -1588, -3631), (145, 252, -13)]
[(-15820, -1588, -3631), (145, 252, -13)]
[(-15820, -1588, -3631), (145, 252, -13)]
[(-15820, -1588, -3631), (145, 252, -13)]
[(-15824, -1603, -3636), (93, 247, 2)]
[(-15824, -1603, -3636), (93, 247, 2)]
[(-15824, -1603, -3636), (93, 247, 2)]
[(-15824, -1603, -3636), (93, 247, 2)]
[(-15824, -1603, -3636), (93, 247, 2)]
[(-15824, -1603, -3636), (93, 247, 2)]
[(-15838, -1595, -3648), (-19, 280, 5)]
[(-15838, -1595, -3648), (-19, 280, 5)]
[(-15838, -1595, -3648), (-19, 280, 5)]
[(-15838, -1595, -3648), (-19, 280, 5)]
[(-15838, -1595, -3648), (-19, 280, 5)]
[(-15838, -1595, -3648), (-19, 280, 5)]
[(-15838, -1595, -3648), (-19, 280, 5)]
[(-15853, -1578, -3640), (-204, 370, -2)]
[(-15853, -1578, -3640), (-204, 370, -2)]
[(-15853, -1578, -3640), (-204, 370, -2)]
[(-15853, -1578, -3640), (-204, 370, -2)]
[(-15853, -1578, -3640), (-204, 370, -2)]
[(-15840, -1587, -3680), (-279, 383, -6)]
[(-15840, -1587, -3680), (-279, 383, -6)]
[(-15840, -1587, -3680), (-279, 383, -6)]
[(-15840, -1587, -3680), (-279, 383, -6)]
[(-15840, -1587, -3680), (-279, 383, -6)]
[(-15840, -1587, -3680), (-279, 383, -6)]
[(-15809, -1571, -3761), (-515, 258, -37)]
[(-15809, -1571, -3761), (-515, 258, -37)]
[(-15809, -1571, -3761), (-515, 258, -37)]
[(-15809, -1571, -3761), (-515, 258, -37)]
[(-15809, -1571, -3761), (-515, 258, -37)]
[(-15809, -1571, -3761), (-515, 258, -37)]
[(-15809, -1571, -3761), (-515, 258, -37)]
[(-15776, -1580, -3796), (-482, 175, -48)]
[(-15776, -1580, -3796), (-482, 175, -48)]
[(-15776, -1580, -3796), (-482, 175, -48)]
[(-15776, -1580, -3796), (-482, 175, -48)]
[(-15776, -1580, -3796), (-482, 175, -48)]
[(-15759, -1575, -3818), (-443, 156, -39)]
[(-15759, -1575, -3818), (-443, 156, -39)]
[(-15759, -1575, -3818), (-443, 156, -39)]
[(-15759, -1575, -3818), (-443, 156, -39)]
[(-15759, -1575, -3818), (-443, 156, -39)]
[(-15759, -1575, -3818), (-443, 156, -39)]
[(-15710, -1594, -3870), (-382, 117, -93)]
[(-15710, -1594, -3870), (-382, 117, -93)]
[(-15710, -1594, -3870), (-382, 117, -93)]
[(-15710, -1594, -3870), (-382, 117, -93)]
[(-15710, -1594, -3870), (-382, 117, -93)]
[(-15710, -1594, -3870), (-382, 117, -93)]
[(-15710, -1594, -3870), (-382, 117, -93)]
[(-15726, -1589, -3877), (-255, 72, -105)]
[(-15726, -1589, -3877), (-255, 72, -105)]
[(-15726, -1589, -3877), (-255, 72, -105)]
[(-15726, -1589, -3877), (-255, 72, -105)]
[(-15726, -1589, -3877), (-255, 72, -105)]
[(-15716, -1591, -3859), (-212, 32, -205)]
[(-15716, -1591, -3859), (-212, 32, -205)]
[(-15716, -1591, -3859), (-212, 32, -205)]
[(-15716, -1591, -3859), (-212, 32, -205)]
[(-15716, -1591, -3859), (-212, 32, -205)]
[(-15716, -1591, -3859), (-212, 32, -205)]
[(-15793, -1664, -3799), (-192, 58, -164)]
[(-15793, -1664, -3799), (-192, 58, -164)]
[(-15793, -1664, -3799), (-192, 58, -164)]
[(-15793, -1664, -3799), (-192, 58, -164)]
[(-15793, -1664, -3799), (-192, 58, -164)]
[(-15793, -1664, -3799), (-192, 58, -164)]
[(-15793, -1664, -3799), (-192, 58, -164)]
[(-15802, -1696, -3766), (-224, 90, -70)]
[(-15802, -1696, -3766), (-224, 90, -70)]
[(-15802, -1696, -3766), (-224, 90, -70)]
[(-15802, -1696, -3766), (-224, 90, -70)]
[(-15802, -1696, -3766), (-224, 90, -70)]
[(-15804, -1659, -3751), (-116, 82, 39)]
[(-15804, -1659, -3751), (-116, 82, 39)]
[(-15804, -1659, -3751), (-116, 82, 39)]
[(-15804, -1659, -3751), (-116, 82, 39)]
[(-15804, -1659, -3751), (-116, 82, 39)]
[(-15804, -1659, -3751), (-116, 82, 39)]
[(-15793, -1591, -3732), (-6, 9, 58)]
[(-15793, -1591, -3732), (-6, 9, 58)]
[(-15793, -1591, -3732), (-6, 9, 58)]
[(-15793, -1591, -3732), (-6, 9, 58)]
[(-15793, -1591, -3732), (-6, 9, 58)]
[(-15793, -1591, -3732), (-6, 9, 58)]
[(-15793, -1591, -3732), (-6, 9, 58)]
[(-15820, -1654, -3652), (-21, 28, -9)]
[(-15820, -1654, -3652), (-21, 28, -9)]
[(-15820, -1654, -3652), (-21, 28, -9)]
[(-15820, -1654, -3652), (-21, 28, -9)]
[(-15820, -1654, -3652), (-21, 28, -9)]
[(-15832, -1715, -3588), (127, 76, 25)]
[(-15832, -1715, -3588), (127, 76, 25)]
[(-15832, -1715, -3588), (127, 76, 25)]
[(-15832, -1715, -3588), (127, 76, 25)]
[(-15832, -1715, -3588), (127, 76, 25)]
[(-15832, -1715, -3588), (127, 76, 25)]
[(-15810, -1673, -3657), (231, 191, 30)]
[(-15810, -1673, -3657), (231, 191, 30)]
[(-15810, -1673, -3657), (231, 191, 30)]
[(-15810, -1673, -3657), (231, 191, 30)]
[(-15810, -1673, -3657), (231, 191, 30)]
[(-15810, -1673, -3657), (231, 191, 30)]
[(-15820, -1714, -3604), (82, 89, -5)]
[(-15820, -1714, -3604), (82, 89, -5)]
[(-15820, -1714, -3604), (82, 89, -5)]
[(-15820, -1714, -3604), (82, 89, -5)]
[(-15820, -1714, -3604), (82, 89, -5)]
[(-15820, -1714, -3604), (82, 89, -5)]
[(-15797, -1684, -3576), (60, 134, -20)]
[(-15797, -1684, -3576), (60, 134, -20)]
[(-15797, -1684, -3576), (60, 134, -20)]
[(-15797, -1684, -3576), (60, 134, -20)]
[(-15797, -1684, -3576), (60, 134, -20)]
[(-15797, -1684, -3576), (60, 134, -20)]
[(-15797, -1684, -3576), (60, 134, -20)]
[(-15806, -1684, -3580), (-9, 158, 4)]
[(-15806, -1684, -3580), (-9, 158, 4)]
[(-15806, -1684, -3580), (-9, 158, 4)]
[(-15806, -1684, -3580), (-9, 158, 4)]
[(-15806, -1684, -3580), (-9, 158, 4)]
[(-15803, -1688, -3584), (-60, 202, -3)]