[(-15879, -1352, -3566), (-4, 98, 17)]
[(-15904, -1353, -3525), (363, 8, 55)]
[(-15886, -1364, -3496), (520, 17, 72)]
[(-15886, -1364, -3496), (520, 17, 72)]
[(-15886, -1364, -3496), (520, 17, 72)]
[(-15886, -1364, -3496), (520, 17, 72)]
[(-15886, -1364, -3496), (520, 17, 72)]
[(-15869, -1367, -3490), (401, 124, 82)]
[(-15869, -1367, -3490), (401, 124, 82)]
[(-15869, -1367, -3490), (401, 124, 82)]
[(-15869, -1367, -3490), (401, 124, 82)]
[(-15869, -1367, -3490), (401, 124, 82)]
[(-15869, -1367, -3490), (401, 124, 82)]
[(-15924, -1421, -3484), (241, 116, 128)]
[(-15924, -1421, -3484), (241, 116, 128)]
[(-15924, -1421, -3484), (241, 116, 128)]
[(-15924, -1421, -3484), (241, 116, 128)]
[(-15924, -1421, -3484), (241, 116, 128)]
[(-15902, -1428, -3513), (189, 147, 89)]
[(-15902, -1428, -3513), (189, 147, 89)]
[(-15902, -1428, -3513), (189, 147, 89)]
[(-15902, -1428, -3513), (189, 147, 89)]
[(-15902, -1428, -3513), (189, 147, 89)]
[(-15902, -1428, -3513), (189, 147, 89)]
[(-15902, -1428, -3513), (189, 147, 89)]
[(-15908, -1421, -3552), (-92, 173, 58)]
[(-15908, -1421, -3552), (-92, 173, 58)]
[(-15908, -1421, -3552), (-92, 173, 58)]
[(-15908, -1421, -3552), (-92, 173, 58)]
[(-15908, -1421, -3552), (-92, 173, 58)]
[(-15908, -1421, -3552), (-92, 173, 58)]
[(-15908, -1439, -3599), (-252, 294, 17)]
[(-15908, -1439, -3599), (-252, 294, 17)]
[(-15908, -1439, -3599), (-252, 294, 17)]
[(-15908, -1439, -3599), (-252, 294, 17)]
[(-15908, -1439, -3599), (-252, 294, 17)]
[(-15889, -1404, -3645), (-419, 264, 19)]
[(-15889, -1404, -3645), (-419, 264, 19)]
[(-15889, -1404, -3645), (-419, 264, 19)]
[(-15889, -1404, -3645), (-419, 264, 19)]
[(-15889, -1404, -3645), (-419, 264, 19)]
[(-15889, -1404, -3645), (-419, 264, 19)]
[(-15889, -1404, -3645), (-419, 264, 19)]
[(-15903, -1383, -3656), (-569, 255, -46)]
[(-15903, -1383, -3656), (-569, 255, -46)]
[(-15903, -1383, -3656), (-569, 255, -46)]
[(-15903, -1383, -3656), (-569, 255, -46)]
[(-15903, -1383, -3656), (-569, 255, -46)]
[(-15903, -1383, -3656), (-569, 255, -46)]
[(-15886, -1385, -3663), (-495, 204, -1)]
[(-15886, -1385, -3663), (-495, 204, -1)]
[(-15886, -1385, -3663), (-495, 204, -1)]
[(-15886, -1385, -3663), (-495, 204, -1)]
[(-15886, -1385, -3663), (-495, 204, -1)]
[(-15872, -1388, -3719), (-539, 181, -1)]
[(-15872, -1388, -3719), (-539, 181, -1)]
[(-15872, -1388, -3719), (-539, 181, -1)]
[(-15872, -1388, -3719), (-539, 181, -1)]
[(-15872, -1388, -3719), (-539, 181, -1)]
[(-15872, -1388, -3719), (-539, 181, -1)]
[(-15872, -1388, -3719), (-539, 181, -1)]
[(-15900, -1396, -3715), (-455, 180, 9)]
[(-15900, -1396, -3715), (-455, 180, 9)]
[(-15900, -1396, -3715), (-455, 180, 9)]
[(-15900, -1396, -3715), (-455, 180, 9)]
[(-15900, -1396, -3715), (-455, 180, 9)]
[(-15900, -1396, -3715), (-455, 180, 9)]
[(-15881, -1350, -3748), (-179, 114, 18)]
[(-15881, -1350, -3748), (-179, 114, 18)]
[(-15881, -1350, -3748), (-179, 114, 18)]
[(-15881, -1350, -3748), (-179, 114, 18)]
[(-15881, -1350, -3748), (-179, 114, 18)]
[(-15865, -1325, -3732), (-243, 109, 22)]
[(-15865, -1325, -3732), (-243, 109, 22)]
[(-15865, -1325, -3732), (-243, 109, 22)]
[(-15865, -1325, -3732), (-243, 109, 22)]
[(-15865, -1325, -3732), (-243, 109, 22)]
[(-15865, -1325, -3732), (-243, 109, 22)]
[(-15865, -1325, -3732), (-243, 109, 22)]
[(-15865, -1316, -3724), (-280, 95, 32)]
[(-15865, -1316, -3724), (-280, 95, 32)]
[(-15865, -1316, -3724), (-280, 95, 32)]
[(-15865, -1316, -3724), (-280, 95, 32)]
[(-15865, -1316, -3724), (-280, 95, 32)]
[(-15865, -1316, -3724), (-280, 95, 32)]
[(-15876, -1320, -3693), (-240, 67, 27)]
[(-15876, -1320, -3693), (-240, 67, 27)]
[(-15876, -1320, -3693), (-240, 67, 27)]
[(-15876, -1320, -3693), (-240, 67, 27)]
[(-15876, -1320, -3693), (-240, 67, 27)]
[(-15864, -1299, -3744), (-114, 87, 5)]
[(-15864, -1299, -3744), (-114, 87, 5)]
[(-15864, -1299, -3744), (-114, 87, 5)]
[(-15864, -1299, -3744), (-114, 87, 5)]
[(-15864, -1299, -3744), (-114, 87, 5)]
[(-15864, -1299, -3744), (-114, 87, 5)]
[(-15864, -1299, -3744), (-114, 87, 5)]
[(-15871, -1270, -3648), (-167, 55, 23)]
[(-15871, -1270, -3648), (-167, 55, 23)]
[(-15871, -1270, -3648), (-167, 55, 23)]
[(-15871, -1270, -3648), (-167, 55, 23)]
[(-15871, -1270, -3648), (-167, 55, 23)]
[(-15871, -1270, -3648), (-167, 55, 23)]
[(-15877, -1267, -3622), (-201, 46, 22)]
[(-15877, -1267, -3622), (-201, 46, 22)]
[(-15877, -1267, -3622), (-201, 46, 22)]
[(-15877, -1267, -3622), (-201, 46, 22)]
[(-15820, -1268, -3592), (-63, 34, 56)]
[(-15820, -1268, -3592), (-63, 34, 56)]
[(-15820, -1268, -3592), (-63, 34, 56)]
[(-15820, -1268, -3592), (-63, 34, 56)]
[(-15820, -1268, -3592), (-63, 34, 56)]
[(-15820, -1268, -3592), (-63, 34, 56)]
[(-15820, -1268, -3592), (-63, 34, 56)]
[(-15855, -1258, -3572), (-171, 94, -3)]
[(-15855, -1258, -3572), (-171, 94, -3)]
[(-15855, -1258, -3572), (-171, 94, -3)]
[(-15855, -1258, -3572), (-171, 94, -3)]
[(-15855, -1258, -3572), (-171, 94, -3)]
[(-15855, -1258, -3572), (-171, 94, -3)]
[(-15855, -1258, -3572), (-171, 94, -3)]
[(-15820, -1238, -3589), (-159, 58, 28)]
[(-15820, -1238, -3589), (-159, 58, 28)]
[(-15820, -1238, -3589), (-159, 58, 28)]
[(-15820, -1238, -3589), (-159, 58, 28)]
[(-15827, -1201, -3568), (-194, 96, 20)]
[(-15827, -1201, -3568), (-194, 96, 20)]
[(-15827, -1201, -3568), (-194, 96, 20)]
[(-15827, -1201, -3568), (-194, 96, 20)]