[(-15976, -575, -3058), (278, 69, 68)]
[(-15985, -580, -3038), (182, 124, 39)]
[(-15985, -580, -3038), (182, 124, 39)]
[(-15985, -580, -3038), (182, 124, 39)]
[(-15981, -573, -3040), (183, 186, -6)]
[(-15981, -573, -3040), (183, 186, -6)]
[(-15981, -573, -3040), (183, 186, -6)]
[(-15981, -573, -3040), (183, 186, -6)]
[(-15981, -573, -3040), (183, 186, -6)]
[(-15981, -588, -3063), (73, 228, -36)]
[(-15981, -588, -3063), (73, 228, -36)]
[(-15981, -588, -3063), (73, 228, -36)]
[(-15981, -588, -3063), (73, 228, -36)]
[(-15981, -588, -3063), (73, 228, -36)]
[(-15981, -588, -3063), (73, 228, -36)]
[(-15978, -584, -3098), (-91, 248, -54)]
[(-15978, -584, -3098), (-91, 248, -54)]
[(-15978, -584, -3098), (-91, 248, -54)]
[(-15978, -584, -3098), (-91, 248, -54)]
[(-15978, -584, -3098), (-91, 248, -54)]
[(-15978, -584, -3098), (-91, 248, -54)]
[(-15978, -584, -3098), (-91, 248, -54)]
[(-15921, -590, -3131), (-259, 325, -69)]
[(-15921, -590, -3131), (-259, 325, -69)]
[(-15921, -590, -3131), (-259, 325, -69)]
[(-15921, -590, -3131), (-259, 325, -69)]
[(-15921, -590, -3131), (-259, 325, -69)]
[(-15917, -604, -3196), (-417, 316, -68)]
[(-15917, -604, -3196), (-417, 316, -68)]
[(-15917, -604, -3196), (-417, 316, -68)]
[(-15917, -604, -3196), (-417, 316, -68)]
[(-15917, -604, -3196), (-417, 316, -68)]
[(-15917, -604, -3196), (-417, 316, -68)]
[(-15970, -702, -3252), (-520, 378, -50)]
[(-15970, -702, -3252), (-520, 378, -50)]
[(-15970, -702, -3252), (-520, 378, -50)]
[(-15970, -702, -3252), (-520, 378, -50)]
[(-15970, -702, -3252), (-520, 378, -50)]
[(-15970, -702, -3252), (-520, 378, -50)]
[(-15970, -702, -3252), (-520, 378, -50)]
[(-15942, -702, -3327), (-580, 388, -109)]
[(-15942, -702, -3327), (-580, 388, -109)]
[(-15942, -702, -3327), (-580, 388, -109)]
[(-15942, -702, -3327), (-580, 388, -109)]
[(-15942, -702, -3327), (-580, 388, -109)]
[(-15943, -710, -3343), (-636, 325, -115)]
[(-15943, -710, -3343), (-636, 325, -115)]
[(-15943, -710, -3343), (-636, 325, -115)]
[(-15943, -710, -3343), (-636, 325, -115)]
[(-15943, -710, -3343), (-636, 325, -115)]
[(-15943, -710, -3343), (-636, 325, -115)]
[(-15959, -721, -3358), (-646, 254, -120)]
[(-15959, -721, -3358), (-646, 254, -120)]
[(-15959, -721, -3358), (-646, 254, -120)]
[(-15959, -721, -3358), (-646, 254, -120)]
[(-15959, -721, -3358), (-646, 254, -120)]
[(-15959, -721, -3358), (-646, 254, -120)]
[(-15959, -721, -3358), (-646, 254, -120)]
[(-15955, -709, -3373), (-633, 211, -109)]
[(-15955, -709, -3373), (-633, 211, -109)]
[(-15955, -709, -3373), (-633, 211, -109)]
[(-15955, -709, -3373), (-633, 211, -109)]
[(-15955, -709, -3373), (-633, 211, -109)]
[(-15930, -722, -3353), (-397, 149, -104)]
[(-15930, -722, -3353), (-397, 149, -104)]
[(-15930, -722, -3353), (-397, 149, -104)]
[(-15930, -722, -3353), (-397, 149, -104)]
[(-15930, -722, -3353), (-397, 149, -104)]
[(-15930, -722, -3353), (-397, 149, -104)]
[(-15996, -690, -3388), (-384, 135, -86)]
[(-15996, -690, -3388), (-384, 135, -86)]
[(-15996, -690, -3388), (-384, 135, -86)]
[(-15996, -690, -3388), (-384, 135, -86)]
[(-15996, -690, -3388), (-384, 135, -86)]
[(-15996, -690, -3388), (-384, 135, -86)]
[(-15996, -690, -3388), (-384, 135, -86)]
[(-15923, -688, -3386), (-374, 171, -59)]
[(-15923, -688, -3386), (-374, 171, -59)]
[(-15923, -688, -3386), (-374, 171, -59)]
[(-15923, -688, -3386), (-374, 171, -59)]
[(-15923, -688, -3386), (-374, 171, -59)]
[(-15917, -773, -3332), (-208, 135, -181)]
[(-15917, -773, -3332), (-208, 135, -181)]
[(-15917, -773, -3332), (-208, 135, -181)]
[(-15917, -773, -3332), (-208, 135, -181)]
[(-15917, -773, -3332), (-208, 135, -181)]
[(-15917, -773, -3332), (-208, 135, -181)]
[(-16019, -804, -3431), (247, 188, -154)]
[(-16019, -804, -3431), (247, 188, -154)]
[(-16019, -804, -3431), (247, 188, -154)]
[(-16019, -804, -3431), (247, 188, -154)]
[(-16019, -804, -3431), (247, 188, -154)]
[(-16019, -804, -3431), (247, 188, -154)]
[(-16019, -804, -3431), (247, 188, -154)]
[(-15900, -797, -3404), (-14, 288, 13)]
[(-15900, -797, -3404), (-14, 288, 13)]
[(-15900, -797, -3404), (-14, 288, 13)]
[(-15900, -797, -3404), (-14, 288, 13)]
[(-15900, -797, -3404), (-14, 288, 13)]
[(-15885, -874, -3360), (-103, 205, -188)]
[(-15885, -874, -3360), (-103, 205, -188)]
[(-15885, -874, -3360), (-103, 205, -188)]
[(-15885, -874, -3360), (-103, 205, -188)]
[(-15885, -874, -3360), (-103, 205, -188)]
[(-15885, -874, -3360), (-103, 205, -188)]
[(-15980, -903, -3419), (-19, 270, -240)]
[(-15980, -903, -3419), (-19, 270, -240)]
[(-15980, -903, -3419), (-19, 270, -240)]
[(-15980, -903, -3419), (-19, 270, -240)]
[(-15980, -903, -3419), (-19, 270, -240)]
[(-15980, -903, -3419), (-19, 270, -240)]
[(-15980, -903, -3419), (-19, 270, -240)]
[(-15968, -885, -3365), (-358, 173, -68)]
[(-15968, -885, -3365), (-358, 173, -68)]
[(-15968, -885, -3365), (-358, 173, -68)]
[(-15968, -885, -3365), (-358, 173, -68)]
[(-15968, -885, -3365), (-358, 173, -68)]
[(-15933, -959, -3370), (-274, 147, -108)]
[(-15933, -959, -3370), (-274, 147, -108)]
[(-15933, -959, -3370), (-274, 147, -108)]
[(-15933, -959, -3370), (-274, 147, -108)]
[(-15933, -959, -3370), (-274, 147, -108)]
[(-15933, -959, -3370), (-274, 147, -108)]
[(-15947, -926, -3369), (-257, 185, -65)]
[(-15947, -926, -3369), (-257, 185, -65)]
[(-15947, -926, -3369), (-257, 185, -65)]
[(-15947, -926, -3369), (-257, 185, -65)]
[(-15947, -926, -3369), (-257, 185, -65)]
[(-15947, -926, -3369), (-257, 185, -65)]
[(-15947, -926, -3369), (-257, 185, -65)]
[(-15940, -977, -3335), (-208, 103, -61)]
[(-15940, -977, -3335), (-208, 103, -61)]
[(-15940, -977, -3335), (-208, 103, -61)]
[(-15940, -977, -3335), (-208, 103, -61)]
[(-15940, -977, -3335), (-208, 103, -61)]
[(-15944, -976, -3250), (-165, 105, -89)]
[(-15944, -976, -3250), (-165, 105, -89)]
[(-15944, -976, -3250), (-165, 105, -89)]
[(-15944, -976, -3250), (-165, 105, -89)]
[(-15944, -976, -3250), (-165, 105, -89)]
[(-15920, -1009, -3276), (-123, 192, -44)]
[(-15920, -1009, -3276), (-123, 192, -44)]
[(-15920, -1009, -3276), (-123, 192, -44)]
[(-15920, -1009, -3276), (-123, 192, -44)]
[(-15920, -1009, -3276), (-123, 192, -44)]
[(-15914, -1088, -3232), (-212, 268, -13)]
[(-15914, -1088, -3232), (-212, 268, -13)]
[(-15914, -1088, -3232), (-212, 268, -13)]
[(-15914, -1088, -3232), (-212, 268, -13)]
[(-15914, -1088, -3232), (-212, 268, -13)]
[(-15914, -1088, -3232), (-212, 268, -13)]
[(-15914, -1088, -3232), (-212, 268, -13)]
[(-15930, -1151, -3215), (0, 196, -137)]
[(-15930, -1151, -3215), (0, 196, -137)]
[(-15930, -1151, -3215), (0, 196, -137)]
[(-15930, -1151, -3215), (0, 196, -137)]
[(-15930, -1151, -3215), (0, 196, -137)]
[(-15930, -1151, -3215), (0, 196, -137)]
[(-15960, -1136, -3244), (-26, 227, -29)]
[(-15960, -1136, -3244), (-26, 227, -29)]
[(-15960, -1136, -3244), (-26, 227, -29)]
[(-15960, -1136, -3244), (-26, 227, -29)]
[(-15960, -1136, -3244), (-26, 227, -29)]
[(-15918, -1156, -3236), (-101, 159, 22)]