[(-14652, 6678, -3314), (-336, 529, -11)]
[(-14622, 6689, -3302), (-388, 595, -6)]
[(-14584, 6719, -3279), (-337, 602, 7)]
[(-14584, 6719, -3279), (-337, 602, 7)]
[(-14584, 6719, -3279), (-337, 602, 7)]
[(-14584, 6719, -3279), (-337, 602, 7)]
[(-14584, 6719, -3279), (-337, 602, 7)]
[(-14584, 6719, -3279), (-337, 602, 7)]
[(-14580, 6730, -3298), (-247, 548, -1)]
[(-14580, 6730, -3298), (-247, 548, -1)]
[(-14580, 6730, -3298), (-247, 548, -1)]
[(-14580, 6730, -3298), (-247, 548, -1)]
[(-14580, 6730, -3298), (-247, 548, -1)]
[(-14580, 6730, -3298), (-247, 548, -1)]
[(-14580, 6730, -3298), (-247, 548, -1)]
[(-14612, 6744, -3326), (-134, 456, 3)]
[(-14612, 6744, -3326), (-134, 456, 3)]
[(-14612, 6744, -3326), (-134, 456, 3)]
[(-14612, 6744, -3326), (-134, 456, 3)]
[(-14612, 6744, -3326), (-134, 456, 3)]
[(-14612, 6744, -3326), (-134, 456, 3)]
[(-14612, 6744, -3326), (-134, 456, 3)]
[(-14608, 6727, -3346), (-97, 439, 8)]
[(-14608, 6727, -3346), (-97, 439, 8)]
[(-14608, 6727, -3346), (-97, 439, 8)]
[(-14608, 6727, -3346), (-97, 439, 8)]
[(-14608, 6727, -3346), (-97, 439, 8)]
[(-14608, 6727, -3346), (-97, 439, 8)]
[(-14608, 6731, -3360), (-79, 437, 14)]
[(-14608, 6731, -3360), (-79, 437, 14)]
[(-14608, 6731, -3360), (-79, 437, 14)]
[(-14608, 6731, -3360), (-79, 437, 14)]
[(-14608, 6731, -3360), (-79, 437, 14)]
[(-14608, 6731, -3360), (-79, 437, 14)]
[(-14608, 6731, -3360), (-79, 437, 14)]
[(-14604, 6744, -3368), (-67, 409, 18)]
[(-14604, 6744, -3368), (-67, 409, 18)]
[(-14604, 6744, -3368), (-67, 409, 18)]
[(-14622, 6765, -3376), (-33, 375, 25)]
[(-14622, 6765, -3376), (-33, 375, 25)]
[(-14622, 6765, -3376), (-33, 375, 25)]
[(-14622, 6765, -3376), (-33, 375, 25)]
[(-14622, 6765, -3376), (-33, 375, 25)]
[(-14622, 6765, -3376), (-33, 375, 25)]
[(-14622, 6765, -3376), (-33, 375, 25)]
[(-14622, 6765, -3376), (-33, 375, 25)]
[(-14604, 6765, -3400), (-71, 367, 25)]
[(-14604, 6765, -3400), (-71, 367, 25)]
[(-14604, 6765, -3400), (-71, 367, 25)]
[(-14604, 6765, -3400), (-71, 367, 25)]
[(-14604, 6765, -3400), (-71, 367, 25)]
[(-14604, 6765, -3400), (-71, 367, 25)]
[(-14604, 6765, -3400), (-71, 367, 25)]
[(-14613, 6746, -3387), (-83, 391, 34)]
[(-14613, 6746, -3387), (-83, 391, 34)]
[(-14613, 6746, -3387), (-83, 391, 34)]
[(-14596, 6764, -3412), (-102, 418, 41)]
[(-14596, 6764, -3412), (-102, 418, 41)]
[(-14596, 6764, -3412), (-102, 418, 41)]
[(-14596, 6764, -3412), (-102, 418, 41)]
[(-14596, 6764, -3412), (-102, 418, 41)]
[(-14596, 6764, -3412), (-102, 418, 41)]
[(-14587, 6755, -3404), (-104, 431, 34)]
[(-14587, 6755, -3404), (-104, 431, 34)]
[(-14587, 6755, -3404), (-104, 431, 34)]
[(-14587, 6755, -3404), (-104, 431, 34)]
[(-14587, 6755, -3404), (-104, 431, 34)]
[(-14587, 6755, -3404), (-104, 431, 34)]
[(-14587, 6755, -3404), (-104, 431, 34)]
[(-14569, 6752, -3402), (-96, 442, 27)]
[(-14569, 6752, -3402), (-96, 442, 27)]
[(-14569, 6752, -3402), (-96, 442, 27)]
[(-14569, 6752, -3402), (-96, 442, 27)]
[(-14569, 6752, -3402), (-96, 442, 27)]
[(-14569, 6752, -3402), (-96, 442, 27)]
[(-14586, 6755, -3392), (-140, 429, 47)]
[(-14586, 6755, -3392), (-140, 429, 47)]
[(-14586, 6755, -3392), (-140, 429, 47)]
[(-14586, 6755, -3392), (-140, 429, 47)]
[(-14586, 6755, -3392), (-140, 429, 47)]
[(-14600, 6725, -3360), (-157, 423, 59)]
[(-14600, 6725, -3360), (-157, 423, 59)]
[(-14600, 6725, -3360), (-157, 423, 59)]
[(-14600, 6725, -3360), (-157, 423, 59)]
[(-14600, 6725, -3360), (-157, 423, 59)]
[(-14600, 6725, -3360), (-157, 423, 59)]
[(-14600, 6725, -3360), (-157, 423, 59)]
[(-14589, 6719, -3414), (-153, 419, 38)]
[(-14589, 6719, -3414), (-153, 419, 38)]
[(-14589, 6719, -3414), (-153, 419, 38)]
[(-14589, 6719, -3414), (-153, 419, 38)]
[(-14589, 6719, -3414), (-153, 419, 38)]
[(-14589, 6719, -3414), (-153, 419, 38)]
[(-14589, 6719, -3414), (-153, 419, 38)]
[(-14588, 6703, -3435), (-136, 369, 42)]
[(-14588, 6703, -3435), (-136, 369, 42)]
[(-14588, 6703, -3435), (-136, 369, 42)]
[(-14588, 6703, -3435), (-136, 369, 42)]
[(-14587, 6661, -3426), (-210, 308, 18)]
[(-14587, 6661, -3426), (-210, 308, 18)]
[(-14587, 6661, -3426), (-210, 308, 18)]
[(-14587, 6661, -3426), (-210, 308, 18)]
[(-14587, 6661, -3426), (-210, 308, 18)]
[(-14587, 6661, -3426), (-210, 308, 18)]
[(-14587, 6661, -3426), (-210, 308, 18)]
[(-14576, 6661, -3432), (-203, 332, 24)]
[(-14576, 6661, -3432), (-203, 332, 24)]
[(-14576, 6661, -3432), (-203, 332, 24)]
[(-14576, 6661, -3432), (-203, 332, 24)]
[(-14576, 6661, -3432), (-203, 332, 24)]
[(-14576, 6661, -3432), (-203, 332, 24)]
[(-14576, 6661, -3432), (-203, 332, 24)]
[(-14596, 6692, -3416), (-184, 334, 19)]
[(-14596, 6692, -3416), (-184, 334, 19)]
[(-14596, 6692, -3416), (-184, 334, 19)]
[(-14596, 6692, -3416), (-184, 334, 19)]
[(-14592, 6693, -3408), (-175, 325, 12)]
[(-14592, 6693, -3408), (-175, 325, 12)]
[(-14592, 6693, -3408), (-175, 325, 12)]
[(-14592, 6693, -3408), (-175, 325, 12)]
[(-14592, 6693, -3408), (-175, 325, 12)]
[(-14609, 6681, -3408), (-140, 323, 3)]
[(-14609, 6681, -3408), (-140, 323, 3)]
[(-14609, 6681, -3408), (-140, 323, 3)]
[(-14609, 6681, -3408), (-140, 323, 3)]
[(-14609, 6681, -3408), (-140, 323, 3)]
[(-14636, 6680, -3388), (-248, 326, 15)]
[(-14636, 6680, -3388), (-248, 326, 15)]
[(-14636, 6680, -3388), (-248, 326, 15)]
[(-14636, 6680, -3388), (-248, 326, 15)]
[(-14636, 6680, -3388), (-248, 326, 15)]
[(-14636, 6680, -3388), (-248, 326, 15)]
[(-14643, 6684, -3387), (-237, 332, 12)]
[(-14643, 6684, -3387), (-237, 332, 12)]
[(-14643, 6684, -3387), (-237, 332, 12)]
[(-14643, 6684, -3387), (-237, 332, 12)]
[(-14643, 6684, -3387), (-237, 332, 12)]
[(-14641, 6695, -3361), (-194, 333, 15)]
[(-14641, 6695, -3361), (-194, 333, 15)]
[(-14641, 6695, -3361), (-194, 333, 15)]
[(-14641, 6695, -3361), (-194, 333, 15)]