[(-14546, 6780, -3438), (-199, 447, 31)]
[(-14559, 6784, -3470), (-175, 449, 17)]
[(-14566, 6772, -3456), (-150, 465, 10)]
[(-14566, 6772, -3456), (-150, 465, 10)]
[(-14566, 6772, -3456), (-150, 465, 10)]
[(-14566, 6772, -3456), (-150, 465, 10)]
[(-14566, 6772, -3456), (-150, 465, 10)]
[(-14566, 6772, -3456), (-150, 465, 10)]
[(-14566, 6772, -3456), (-150, 465, 10)]
[(-14538, 6779, -3479), (-137, 466, 19)]
[(-14538, 6779, -3479), (-137, 466, 19)]
[(-14538, 6779, -3479), (-137, 466, 19)]
[(-14538, 6779, -3479), (-137, 466, 19)]
[(-14538, 6779, -3479), (-137, 466, 19)]
[(-14538, 6779, -3479), (-137, 466, 19)]
[(-14535, 6794, -3521), (-133, 464, 30)]
[(-14535, 6794, -3521), (-133, 464, 30)]
[(-14535, 6794, -3521), (-133, 464, 30)]
[(-14535, 6794, -3521), (-133, 464, 30)]
[(-14535, 6794, -3521), (-133, 464, 30)]
[(-14529, 6810, -3529), (-153, 461, 22)]
[(-14529, 6810, -3529), (-153, 461, 22)]
[(-14529, 6810, -3529), (-153, 461, 22)]
[(-14529, 6810, -3529), (-153, 461, 22)]
[(-14529, 6810, -3529), (-153, 461, 22)]
[(-14529, 6810, -3529), (-153, 461, 22)]
[(-14529, 6810, -3529), (-153, 461, 22)]
[(-14519, 6825, -3516), (-152, 443, 24)]
[(-14519, 6825, -3516), (-152, 443, 24)]
[(-14519, 6825, -3516), (-152, 443, 24)]
[(-14519, 6825, -3516), (-152, 443, 24)]
[(-14519, 6825, -3516), (-152, 443, 24)]
[(-14519, 6825, -3516), (-152, 443, 24)]
[(-14517, 6817, -3502), (-135, 411, 21)]
[(-14517, 6817, -3502), (-135, 411, 21)]
[(-14517, 6817, -3502), (-135, 411, 21)]
[(-14517, 6817, -3502), (-135, 411, 21)]
[(-14517, 6817, -3502), (-135, 411, 21)]
[(-14507, 6794, -3520), (-102, 399, 22)]
[(-14507, 6794, -3520), (-102, 399, 22)]
[(-14507, 6794, -3520), (-102, 399, 22)]
[(-14507, 6794, -3520), (-102, 399, 22)]
[(-14507, 6794, -3520), (-102, 399, 22)]
[(-14507, 6794, -3520), (-102, 399, 22)]
[(-14507, 6794, -3520), (-102, 399, 22)]
[(-14527, 6812, -3514), (-98, 410, 32)]
[(-14527, 6812, -3514), (-98, 410, 32)]
[(-14527, 6812, -3514), (-98, 410, 32)]
[(-14527, 6812, -3514), (-98, 410, 32)]
[(-14527, 6812, -3514), (-98, 410, 32)]
[(-14527, 6812, -3514), (-98, 410, 32)]
[(-14527, 6812, -3514), (-98, 410, 32)]
[(-14527, 6812, -3514), (-98, 410, 32)]
[(-14512, 6810, -3508), (-38, 380, 39)]
[(-14512, 6810, -3508), (-38, 380, 39)]
[(-14512, 6810, -3508), (-38, 380, 39)]
[(-14494, 6807, -3515), (-42, 381, 28)]
[(-14494, 6807, -3515), (-42, 381, 28)]
[(-14494, 6807, -3515), (-42, 381, 28)]
[(-14494, 6807, -3515), (-42, 381, 28)]
[(-14494, 6807, -3515), (-42, 381, 28)]
[(-14494, 6807, -3515), (-42, 381, 28)]
[(-14494, 6807, -3515), (-42, 381, 28)]
[(-14494, 6807, -3515), (-42, 381, 28)]
[(-14494, 6807, -3515), (-42, 381, 28)]
[(-14494, 6807, -3515), (-42, 381, 28)]
[(-14494, 6807, -3515), (-42, 381, 28)]
[(-14512, 6778, -3544), (-62, 399, 20)]
[(-14512, 6778, -3544), (-62, 399, 20)]
[(-14506, 6770, -3543), (-94, 400, 21)]
[(-14506, 6770, -3543), (-94, 400, 21)]
[(-14506, 6770, -3543), (-94, 400, 21)]
[(-14506, 6770, -3543), (-94, 400, 21)]
[(-14506, 6770, -3543), (-94, 400, 21)]
[(-14505, 6771, -3532), (-97, 406, 20)]
[(-14505, 6771, -3532), (-97, 406, 20)]
[(-14505, 6771, -3532), (-97, 406, 20)]
[(-14505, 6771, -3532), (-97, 406, 20)]
[(-14505, 6771, -3532), (-97, 406, 20)]
[(-14505, 6771, -3532), (-97, 406, 20)]
[(-14505, 6771, -3532), (-97, 406, 20)]
[(-14493, 6796, -3574), (-109, 411, 17)]
[(-14493, 6796, -3574), (-109, 411, 17)]
[(-14493, 6796, -3574), (-109, 411, 17)]
[(-14493, 6796, -3574), (-109, 411, 17)]
[(-14493, 6796, -3574), (-109, 411, 17)]
[(-14493, 6796, -3574), (-109, 411, 17)]
[(-14507, 6801, -3575), (-121, 415, 14)]
[(-14507, 6801, -3575), (-121, 415, 14)]
[(-14507, 6801, -3575), (-121, 415, 14)]
[(-14507, 6801, -3575), (-121, 415, 14)]
[(-14507, 6801, -3575), (-121, 415, 14)]
[(-14501, 6795, -3549), (-126, 412, 32)]
[(-14501, 6795, -3549), (-126, 412, 32)]
[(-14501, 6795, -3549), (-126, 412, 32)]
[(-14501, 6795, -3549), (-126, 412, 32)]
[(-14501, 6795, -3549), (-126, 412, 32)]
[(-14501, 6795, -3549), (-126, 412, 32)]
[(-14501, 6795, -3549), (-126, 412, 32)]
[(-14508, 6792, -3560), (-157, 415, 45)]
[(-14508, 6792, -3560), (-157, 415, 45)]
[(-14508, 6792, -3560), (-157, 415, 45)]
[(-14508, 6792, -3560), (-157, 415, 45)]
[(-14508, 6792, -3560), (-157, 415, 45)]
[(-14508, 6792, -3560), (-157, 415, 45)]
[(-14514, 6788, -3568), (-180, 401, 21)]
[(-14514, 6788, -3568), (-180, 401, 21)]
[(-14514, 6788, -3568), (-180, 401, 21)]
[(-14514, 6788, -3568), (-180, 401, 21)]
[(-14514, 6788, -3568), (-180, 401, 21)]
[(-14514, 6788, -3568), (-180, 401, 21)]
[(-14514, 6788, -3568), (-180, 401, 21)]
[(-14508, 6788, -3538), (-201, 384, -8)]
[(-14508, 6788, -3538), (-201, 384, -8)]
[(-14508, 6788, -3538), (-201, 384, -8)]
[(-14508, 6788, -3538), (-201, 384, -8)]
[(-14508, 6788, -3538), (-201, 384, -8)]
[(-14508, 6788, -3538), (-201, 384, -8)]
[(-14508, 6788, -3538), (-201, 384, -8)]
[(-14491, 6758, -3544), (-163, 375, -24)]
[(-14491, 6758, -3544), (-163, 375, -24)]
[(-14491, 6758, -3544), (-163, 375, -24)]
[(-14491, 6758, -3544), (-163, 375, -24)]
[(-14512, 6785, -3542), (-154, 320, -15)]
[(-14512, 6785, -3542), (-154, 320, -15)]
[(-14512, 6785, -3542), (-154, 320, -15)]
[(-14512, 6785, -3542), (-154, 320, -15)]
[(-14518, 6776, -3542), (-155, 340, -5)]
[(-14518, 6776, -3542), (-155, 340, -5)]
[(-14518, 6776, -3542), (-155, 340, -5)]
[(-14518, 6776, -3542), (-155, 340, -5)]
[(-14518, 6776, -3542), (-155, 340, -5)]
[(-14518, 6776, -3542), (-155, 340, -5)]
[(-14518, 6776, -3542), (-155, 340, -5)]
[(-14519, 6820, -3543), (-181, 331, -12)]
[(-14519, 6820, -3543), (-181, 331, -12)]
[(-14519, 6820, -3543), (-181, 331, -12)]
[(-14519, 6820, -3543), (-181, 331, -12)]
[(-14519, 6820, -3543), (-181, 331, -12)]
[(-14519, 6820, -3543), (-181, 331, -12)]
[(-14513, 6832, -3515), (-196, 316, 6)]
[(-14513, 6832, -3515), (-196, 316, 6)]
[(-14513, 6832, -3515), (-196, 316, 6)]
[(-14513, 6832, -3515), (-196, 316, 6)]
[(-14513, 6832, -3515), (-196, 316, 6)]
[(-14517, 6800, -3470), (-177, 347, 15)]
[(-14517, 6800, -3470), (-177, 347, 15)]
[(-14517, 6800, -3470), (-177, 347, 15)]