[(-15261, 5018, -3165), (3, 204, -70)]
[(-15288, 4956, -3162), (-13, 230, -41)]
[(-15288, 4956, -3162), (-13, 230, -41)]
[(-15288, 4956, -3162), (-13, 230, -41)]
[(-15288, 4956, -3162), (-13, 230, -41)]
[(-15288, 4956, -3162), (-13, 230, -41)]
[(-15288, 4956, -3162), (-13, 230, -41)]
[(-15292, 4932, -3174), (-64, 236, -9)]
[(-15292, 4932, -3174), (-64, 236, -9)]
[(-15292, 4932, -3174), (-64, 236, -9)]
[(-15292, 4932, -3174), (-64, 236, -9)]
[(-15292, 4932, -3174), (-64, 236, -9)]
[(-15292, 4932, -3174), (-64, 236, -9)]
[(-15320, 4936, -3169), (-56, 260, 17)]
[(-15320, 4936, -3169), (-56, 260, 17)]
[(-15320, 4936, -3169), (-56, 260, 17)]
[(-15320, 4936, -3169), (-56, 260, 17)]
[(-15320, 4936, -3169), (-56, 260, 17)]
[(-15319, 4936, -3286), (-129, 558, 46)]
[(-15319, 4936, -3286), (-129, 558, 46)]
[(-15319, 4936, -3286), (-129, 558, 46)]
[(-15319, 4936, -3286), (-129, 558, 46)]
[(-15319, 4936, -3286), (-129, 558, 46)]
[(-15319, 4936, -3286), (-129, 558, 46)]
[(-15319, 4936, -3286), (-129, 558, 46)]
[(-15319, 4936, -3286), (-129, 558, 46)]
[(-15286, 4949, -3307), (-178, 540, 50)]
[(-15286, 4949, -3307), (-178, 540, 50)]
[(-15286, 4949, -3307), (-178, 540, 50)]
[(-15286, 4949, -3307), (-178, 540, 50)]
[(-15286, 4949, -3307), (-178, 540, 50)]
[(-15281, 4956, -3312), (-158, 483, 37)]
[(-15281, 4956, -3312), (-158, 483, 37)]
[(-15281, 4956, -3312), (-158, 483, 37)]
[(-15281, 4956, -3312), (-158, 483, 37)]
[(-15281, 4956, -3312), (-158, 483, 37)]
[(-15281, 4956, -3312), (-158, 483, 37)]
[(-15248, 4944, -3338), (-239, 435, 16)]
[(-15248, 4944, -3338), (-239, 435, 16)]
[(-15248, 4944, -3338), (-239, 435, 16)]
[(-15248, 4944, -3338), (-239, 435, 16)]
[(-15248, 4944, -3338), (-239, 435, 16)]
[(-15248, 4944, -3338), (-239, 435, 16)]
[(-15248, 4944, -3338), (-239, 435, 16)]
[(-15231, 4932, -3296), (-231, 377, 29)]
[(-15231, 4932, -3296), (-231, 377, 29)]
[(-15231, 4932, -3296), (-231, 377, 29)]
[(-15231, 4932, -3296), (-231, 377, 29)]
[(-15231, 4932, -3296), (-231, 377, 29)]
[(-15230, 4921, -3271), (-162, 307, 21)]
[(-15230, 4921, -3271), (-162, 307, 21)]
[(-15230, 4921, -3271), (-162, 307, 21)]
[(-15230, 4921, -3271), (-162, 307, 21)]
[(-15230, 4921, -3271), (-162, 307, 21)]
[(-15253, 4908, -3222), (-85, 263, 44)]
[(-15253, 4908, -3222), (-85, 263, 44)]
[(-15253, 4908, -3222), (-85, 263, 44)]
[(-15253, 4908, -3222), (-85, 263, 44)]
[(-15253, 4908, -3222), (-85, 263, 44)]
[(-15253, 4908, -3222), (-85, 263, 44)]
[(-15253, 4908, -3222), (-85, 263, 44)]
[(-15253, 4908, -3222), (-85, 263, 44)]
[(-15273, 4927, -3211), (-75, 245, 50)]
[(-15273, 4927, -3211), (-75, 245, 50)]
[(-15273, 4927, -3211), (-75, 245, 50)]
[(-15273, 4927, -3211), (-75, 245, 50)]
[(-15273, 4927, -3211), (-75, 245, 50)]
[(-15286, 4940, -3246), (-126, 245, 54)]
[(-15286, 4940, -3246), (-126, 245, 54)]
[(-15286, 4940, -3246), (-126, 245, 54)]
[(-15286, 4940, -3246), (-126, 245, 54)]
[(-15286, 4940, -3246), (-126, 245, 54)]
[(-15286, 4940, -3246), (-126, 245, 54)]
[(-15304, 4935, -3265), (-152, 221, 56)]
[(-15304, 4935, -3265), (-152, 221, 56)]
[(-15304, 4935, -3265), (-152, 221, 56)]
[(-15304, 4935, -3265), (-152, 221, 56)]
[(-15304, 4935, -3265), (-152, 221, 56)]
[(-15304, 4935, -3265), (-152, 221, 56)]
[(-15304, 4935, -3265), (-152, 221, 56)]
[(-15304, 4959, -3241), (-117, 203, 62)]
[(-15304, 4959, -3241), (-117, 203, 62)]
[(-15304, 4959, -3241), (-117, 203, 62)]
[(-15304, 4959, -3241), (-117, 203, 62)]
[(-15273, 4972, -3227), (-91, 219, 60)]
[(-15273, 4972, -3227), (-91, 219, 60)]
[(-15273, 4972, -3227), (-91, 219, 60)]
[(-15273, 4972, -3227), (-91, 219, 60)]
[(-15273, 4972, -3227), (-91, 219, 60)]
[(-15273, 4972, -3227), (-91, 219, 60)]
[(-15263, 4972, -3202), (-91, 238, 38)]
[(-15263, 4972, -3202), (-91, 238, 38)]
[(-15263, 4972, -3202), (-91, 238, 38)]
[(-15263, 4972, -3202), (-91, 238, 38)]
[(-15288, 4945, -3208), (-59, 236, 12)]
[(-15288, 4945, -3208), (-59, 236, 12)]
[(-15288, 4945, -3208), (-59, 236, 12)]
[(-15288, 4945, -3208), (-59, 236, 12)]
[(-15288, 4945, -3208), (-59, 236, 12)]
[(-15288, 4945, -3208), (-59, 236, 12)]
[(-15288, 4945, -3208), (-59, 236, 12)]
[(-15297, 4940, -3216), (-39, 210, 40)]
[(-15297, 4940, -3216), (-39, 210, 40)]
[(-15297, 4940, -3216), (-39, 210, 40)]
[(-15297, 4940, -3216), (-39, 210, 40)]
[(-15297, 4940, -3216), (-39, 210, 40)]
[(-15297, 4940, -3216), (-39, 210, 40)]
[(-15296, 4937, -3250), (-54, 204, 37)]
[(-15296, 4937, -3250), (-54, 204, 37)]