[(-14588, 5931, -4902), (-503, 747, -31)]
[(-14604, 5928, -4925), (-458, 621, -43)]
[(-14604, 5928, -4925), (-458, 621, -43)]
[(-14604, 5928, -4925), (-458, 621, -43)]
[(-14604, 5928, -4925), (-458, 621, -43)]
[(-14594, 5940, -4949), (-413, 478, -2)]
[(-14594, 5940, -4949), (-413, 478, -2)]
[(-14594, 5940, -4949), (-413, 478, -2)]
[(-14594, 5940, -4949), (-413, 478, -2)]
[(-14594, 5940, -4949), (-413, 478, -2)]
[(-14583, 5923, -4948), (-335, 373, -12)]
[(-14583, 5923, -4948), (-335, 373, -12)]
[(-14583, 5923, -4948), (-335, 373, -12)]
[(-14583, 5923, -4948), (-335, 373, -12)]
[(-14583, 5923, -4948), (-335, 373, -12)]
[(-14583, 5923, -4948), (-335, 373, -12)]
[(-14583, 5923, -4948), (-335, 373, -12)]
[(-14596, 5921, -4928), (-167, 285, -14)]
[(-14596, 5921, -4928), (-167, 285, -14)]
[(-14596, 5921, -4928), (-167, 285, -14)]
[(-14596, 5921, -4928), (-167, 285, -14)]
[(-14596, 5921, -4928), (-167, 285, -14)]
[(-14596, 5921, -4928), (-167, 285, -14)]
[(-14601, 5901, -5096), (364, -25, 68)]
[(-14601, 5901, -5096), (364, -25, 68)]
[(-14601, 5901, -5096), (364, -25, 68)]
[(-14601, 5901, -5096), (364, -25, 68)]
[(-14601, 5901, -5096), (364, -25, 68)]
[(-14596, 5906, -5032), (168, 15, 115)]
[(-14596, 5906, -5032), (168, 15, 115)]
[(-14596, 5906, -5032), (168, 15, 115)]
[(-14596, 5906, -5032), (168, 15, 115)]
[(-14596, 5906, -5032), (168, 15, 115)]
[(-14596, 5906, -5032), (168, 15, 115)]
[(-14596, 5906, -5032), (168, 15, 115)]
[(-14627, 5907, -4977), (46, 71, 117)]
[(-14627, 5907, -4977), (46, 71, 117)]
[(-14627, 5907, -4977), (46, 71, 117)]
[(-14627, 5907, -4977), (46, 71, 117)]
[(-14627, 5907, -4977), (46, 71, 117)]
[(-14627, 5907, -4977), (46, 71, 117)]
[(-14616, 5960, -4980), (237, 32, 133)]
[(-14616, 5960, -4980), (237, 32, 133)]
[(-14616, 5960, -4980), (237, 32, 133)]
[(-14616, 5960, -4980), (237, 32, 133)]
[(-14616, 5960, -4980), (237, 32, 133)]
[(-14633, 5949, -4936), (189, 189, 140)]
[(-14633, 5949, -4936), (189, 189, 140)]
[(-14633, 5949, -4936), (189, 189, 140)]
[(-14633, 5949, -4936), (189, 189, 140)]
[(-14633, 5949, -4936), (189, 189, 140)]
[(-14633, 5949, -4936), (189, 189, 140)]
[(-14633, 5949, -4936), (189, 189, 140)]
[(-14622, 5934, -4897), (199, 139, 185)]
[(-14622, 5934, -4897), (199, 139, 185)]
[(-14622, 5934, -4897), (199, 139, 185)]
[(-14622, 5934, -4897), (199, 139, 185)]
[(-14622, 5934, -4897), (199, 139, 185)]
[(-14622, 5934, -4897), (199, 139, 185)]
[(-14640, 5968, -4846), (-4, 161, 163)]
[(-14640, 5968, -4846), (-4, 161, 163)]
[(-14640, 5968, -4846), (-4, 161, 163)]
[(-14640, 5968, -4846), (-4, 161, 163)]
[(-14640, 5968, -4846), (-4, 161, 163)]
[(-14649, 5973, -4824), (-135, 163, 99)]
[(-14649, 5973, -4824), (-135, 163, 99)]
[(-14649, 5973, -4824), (-135, 163, 99)]
[(-14649, 5973, -4824), (-135, 163, 99)]
[(-14649, 5973, -4824), (-135, 163, 99)]
[(-14649, 5973, -4824), (-135, 163, 99)]
[(-14649, 5973, -4824), (-135, 163, 99)]
[(-14632, 5999, -4800), (-140, 182, 39)]
[(-14632, 5999, -4800), (-140, 182, 39)]
[(-14632, 5999, -4800), (-140, 182, 39)]
[(-14632, 5999, -4800), (-140, 182, 39)]
[(-14632, 5999, -4800), (-140, 182, 39)]
[(-14632, 5999, -4800), (-140, 182, 39)]
[(-14630, 5989, -4808), (-83, 197, 36)]
[(-14630, 5989, -4808), (-83, 197, 36)]
[(-14630, 5989, -4808), (-83, 197, 36)]
[(-14630, 5989, -4808), (-83, 197, 36)]
[(-14630, 5989, -4808), (-83, 197, 36)]
[(-14614, 5997, -4783), (-65, 234, 55)]
[(-14614, 5997, -4783), (-65, 234, 55)]
[(-14614, 5997, -4783), (-65, 234, 55)]
[(-14614, 5997, -4783), (-65, 234, 55)]
[(-14614, 5997, -4783), (-65, 234, 55)]
[(-14614, 5997, -4783), (-65, 234, 55)]
[(-14640, 6017, -4800), (-66, 196, 62)]
[(-14640, 6017, -4800), (-66, 196, 62)]
[(-14640, 6017, -4800), (-66, 196, 62)]
[(-14640, 6017, -4800), (-66, 196, 62)]
[(-14640, 6017, -4800), (-66, 196, 62)]
[(-14655, 6035, -4766), (-86, 159, 31)]
[(-14655, 6035, -4766), (-86, 159, 31)]
[(-14655, 6035, -4766), (-86, 159, 31)]
[(-14655, 6035, -4766), (-86, 159, 31)]
[(-14655, 6035, -4766), (-86, 159, 31)]
[(-14649, 6016, -4780), (-66, 144, 21)]
[(-14649, 6016, -4780), (-66, 144, 21)]
[(-14649, 6016, -4780), (-66, 144, 21)]
[(-14649, 6016, -4780), (-66, 144, 21)]
[(-14649, 6016, -4780), (-66, 144, 21)]
[(-14649, 6016, -4780), (-66, 144, 21)]
[(-14654, 6018, -4810), (-57, 137, 9)]
[(-14654, 6018, -4810), (-57, 137, 9)]
[(-14654, 6018, -4810), (-57, 137, 9)]
[(-14654, 6018, -4810), (-57, 137, 9)]
[(-14654, 6018, -4810), (-57, 137, 9)]
[(-14654, 6018, -4810), (-57, 137, 9)]
[(-14654, 6018, -4810), (-57, 137, 9)]
[(-14632, 5995, -4805), (-58, 149, 13)]
[(-14632, 5995, -4805), (-58, 149, 13)]
[(-14632, 5995, -4805), (-58, 149, 13)]
[(-14632, 5995, -4805), (-58, 149, 13)]
[(-14632, 5995, -4805), (-58, 149, 13)]