[(-15822, 828, -4215), (-119, 181, -1)]
[(-15828, 827, -4201), (-89, 189, -4)]
[(-15828, 827, -4201), (-89, 189, -4)]
[(-15828, 827, -4201), (-89, 189, -4)]
[(-15828, 827, -4201), (-89, 189, -4)]
[(-15828, 844, -4188), (-103, 193, 5)]
[(-15828, 844, -4188), (-103, 193, 5)]
[(-15828, 844, -4188), (-103, 193, 5)]
[(-15828, 844, -4188), (-103, 193, 5)]
[(-15828, 844, -4188), (-103, 193, 5)]
[(-15850, 853, -4167), (-77, 223, 1)]
[(-15850, 853, -4167), (-77, 223, 1)]
[(-15850, 853, -4167), (-77, 223, 1)]
[(-15850, 853, -4167), (-77, 223, 1)]
[(-15850, 853, -4167), (-77, 223, 1)]
[(-15850, 853, -4167), (-77, 223, 1)]
[(-15830, 832, -4131), (264, 200, 26)]
[(-15830, 832, -4131), (264, 200, 26)]
[(-15830, 832, -4131), (264, 200, 26)]
[(-15830, 832, -4131), (264, 200, 26)]
[(-15830, 832, -4131), (264, 200, 26)]
[(-15830, 832, -4131), (264, 200, 26)]
[(-15830, 832, -4131), (264, 200, 26)]
[(-15772, 783, -4153), (910, 86, 72)]
[(-15772, 783, -4153), (910, 86, 72)]
[(-15772, 783, -4153), (910, 86, 72)]
[(-15772, 783, -4153), (910, 86, 72)]
[(-15772, 783, -4153), (910, 86, 72)]
[(-15770, 760, -4176), (947, 92, 103)]
[(-15770, 760, -4176), (947, 92, 103)]
[(-15770, 760, -4176), (947, 92, 103)]
[(-15770, 760, -4176), (947, 92, 103)]
[(-15770, 760, -4176), (947, 92, 103)]
[(-15770, 760, -4176), (947, 92, 103)]
[(-15768, 704, -4193), (1009, 146, 159)]
[(-15768, 704, -4193), (1009, 146, 159)]
[(-15768, 704, -4193), (1009, 146, 159)]
[(-15768, 704, -4193), (1009, 146, 159)]
[(-15768, 704, -4193), (1009, 146, 159)]
[(-15768, 704, -4193), (1009, 146, 159)]
[(-15768, 704, -4193), (1009, 146, 159)]
[(-15768, 704, -4193), (1009, 146, 159)]
[(-15768, 704, -4193), (1009, 146, 159)]
[(-15793, 775, -4192), (1087, 294, 249)]
[(-15793, 775, -4192), (1087, 294, 249)]
[(-15793, 775, -4192), (1087, 294, 249)]
[(-15793, 775, -4192), (1087, 294, 249)]
[(-15774, 840, -4271), (852, 454, 323)]
[(-15774, 840, -4271), (852, 454, 323)]
[(-15774, 840, -4271), (852, 454, 323)]
[(-15774, 840, -4271), (852, 454, 323)]
[(-15774, 840, -4271), (852, 454, 323)]
[(-15810, 874, -4331), (549, 352, 270)]
[(-15810, 874, -4331), (549, 352, 270)]
[(-15810, 874, -4331), (549, 352, 270)]
[(-15810, 874, -4331), (549, 352, 270)]
[(-15810, 874, -4331), (549, 352, 270)]
[(-15810, 874, -4331), (549, 352, 270)]
[(-15810, 874, -4331), (549, 352, 270)]
[(-15777, 871, -4398), (173, 201, 213)]
[(-15777, 871, -4398), (173, 201, 213)]
[(-15777, 871, -4398), (173, 201, 213)]
[(-15777, 871, -4398), (173, 201, 213)]
[(-15777, 871, -4398), (173, 201, 213)]
[(-15777, 871, -4398), (173, 201, 213)]
[(-15764, 890, -4400), (48, 203, 193)]
[(-15764, 890, -4400), (48, 203, 193)]
[(-15764, 890, -4400), (48, 203, 193)]
[(-15764, 890, -4400), (48, 203, 193)]
[(-15764, 890, -4400), (48, 203, 193)]
[(-15756, 955, -4381), (-235, 138, 137)]
[(-15756, 955, -4381), (-235, 138, 137)]
[(-15756, 955, -4381), (-235, 138, 137)]
[(-15756, 955, -4381), (-235, 138, 137)]
[(-15756, 955, -4381), (-235, 138, 137)]
[(-15756, 955, -4381), (-235, 138, 137)]
[(-15739, 950, -4420), (-1458, 35, -30)]
[(-15739, 950, -4420), (-1458, 35, -30)]
[(-15739, 950, -4420), (-1458, 35, -30)]
[(-15739, 950, -4420), (-1458, 35, -30)]
[(-15739, 950, -4420), (-1458, 35, -30)]
[(-15739, 950, -4420), (-1458, 35, -30)]
[(-15739, 950, -4420), (-1458, 35, -30)]
[(-15672, 956, -4495), (-2361, 215, -169)]
[(-15672, 956, -4495), (-2361, 215, -169)]
[(-15672, 956, -4495), (-2361, 215, -169)]
[(-15672, 956, -4495), (-2361, 215, -169)]
[(-15672, 956, -4495), (-2361, 215, -169)]
[(-15670, 982, -4637), (-3023, 710, -119)]
[(-15670, 982, -4637), (-3023, 710, -119)]
[(-15670, 982, -4637), (-3023, 710, -119)]
[(-15670, 982, -4637), (-3023, 710, -119)]
[(-15670, 982, -4637), (-3023, 710, -119)]
[(-15670, 982, -4637), (-3023, 710, -119)]
[(-15639, 1053, -4695), (-2736, 803, 27)]
[(-15639, 1053, -4695), (-2736, 803, 27)]
[(-15639, 1053, -4695), (-2736, 803, 27)]
[(-15639, 1053, -4695), (-2736, 803, 27)]
[(-15639, 1053, -4695), (-2736, 803, 27)]
[(-15639, 1053, -4695), (-2736, 803, 27)]
[(-15639, 1053, -4695), (-2736, 803, 27)]
[(-15628, 1163, -4848), (-2317, 737, 46)]
[(-15628, 1163, -4848), (-2317, 737, 46)]
[(-15628, 1163, -4848), (-2317, 737, 46)]
[(-15628, 1163, -4848), (-2317, 737, 46)]
[(-15628, 1163, -4848), (-2317, 737, 46)]
[(-15598, 1282, -4887), (-1944, 526, 31)]
[(-15598, 1282, -4887), (-1944, 526, 31)]
[(-15598, 1282, -4887), (-1944, 526, 31)]
[(-15598, 1282, -4887), (-1944, 526, 31)]
[(-15598, 1282, -4887), (-1944, 526, 31)]
[(-15598, 1282, -4887), (-1944, 526, 31)]
[(-15654, 1379, -5010), (-1421, 83, -15)]
[(-15654, 1379, -5010), (-1421, 83, -15)]
[(-15654, 1379, -5010), (-1421, 83, -15)]
[(-15654, 1379, -5010), (-1421, 83, -15)]
[(-15654, 1379, -5010), (-1421, 83, -15)]
[(-15654, 1379, -5010), (-1421, 83, -15)]
[(-15654, 1379, -5010), (-1421, 83, -15)]
[(-15688, 1509, -4980), (-677, -383, -82)]
[(-15688, 1509, -4980), (-677, -383, -82)]
[(-15688, 1509, -4980), (-677, -383, -82)]
[(-15688, 1509, -4980), (-677, -383, -82)]
[(-15688, 1509, -4980), (-677, -383, -82)]
[(-15688, 1509, -4980), (-677, -383, -82)]
[(-15688, 1509, -4980), (-677, -383, -82)]
[(-15787, 1476, -4999), (331, -717, -132)]
[(-15787, 1476, -4999), (331, -717, -132)]
[(-15839, 1497, -5056), (168, -623, -83)]
[(-15839, 1497, -5056), (168, -623, -83)]
[(-15839, 1497, -5056), (168, -623, -83)]
[(-15839, 1497, -5056), (168, -623, -83)]
[(-15839, 1497, -5056), (168, -623, -83)]
[(-15839, 1497, -5056), (168, -623, -83)]
[(-15839, 1497, -5056), (168, -623, -83)]
[(-15833, 1484, -4991), (97, -544, -52)]
[(-15833, 1484, -4991), (97, -544, -52)]
[(-15833, 1484, -4991), (97, -544, -52)]
[(-15833, 1484, -4991), (97, -544, -52)]
[(-15833, 1484, -4991), (97, -544, -52)]
[(-15808, 1532, -4884), (-46, -445, -51)]
[(-15808, 1532, -4884), (-46, -445, -51)]
[(-15808, 1532, -4884), (-46, -445, -51)]
[(-15808, 1532, -4884), (-46, -445, -51)]
[(-15808, 1532, -4884), (-46, -445, -51)]
[(-15808, 1532, -4884), (-46, -445, -51)]
[(-15804, 1473, -4776), (93, -385, -271)]
[(-15804, 1473, -4776), (93, -385, -271)]
[(-15804, 1473, -4776), (93, -385, -271)]
[(-15804, 1473, -4776), (93, -385, -271)]
[(-15804, 1473, -4776), (93, -385, -271)]
[(-15804, 1473, -4776), (93, -385, -271)]