[(-14384, 6168, -5249), (88, 325, 204)]
[(-14340, 6249, -5496), (-125, 377, 159)]
[(-14340, 6249, -5496), (-125, 377, 159)]
[(-14340, 6249, -5496), (-125, 377, 159)]
[(-14340, 6249, -5496), (-125, 377, 159)]
[(-14318, 6310, -5536), (-32, 243, 78)]
[(-14318, 6310, -5536), (-32, 243, 78)]
[(-14318, 6310, -5536), (-32, 243, 78)]
[(-14318, 6310, -5536), (-32, 243, 78)]
[(-14318, 6310, -5536), (-32, 243, 78)]
[(-14318, 6310, -5536), (-32, 243, 78)]
[(-14318, 6310, -5536), (-32, 243, 78)]
[(-14318, 6310, -5536), (-32, 243, 78)]
[(-14297, 6311, -5477), (294, 26, 131)]
[(-14297, 6311, -5477), (294, 26, 131)]
[(-14297, 6311, -5477), (294, 26, 131)]
[(-14297, 6311, -5477), (294, 26, 131)]
[(-14297, 6311, -5477), (294, 26, 131)]
[(-14277, 6312, -5465), (298, 72, 132)]
[(-14277, 6312, -5465), (298, 72, 132)]
[(-14277, 6312, -5465), (298, 72, 132)]
[(-14277, 6312, -5465), (298, 72, 132)]
[(-14277, 6312, -5465), (298, 72, 132)]
[(-14277, 6312, -5465), (298, 72, 132)]
[(-14308, 6312, -5464), (234, 35, 96)]
[(-14308, 6312, -5464), (234, 35, 96)]
[(-14308, 6312, -5464), (234, 35, 96)]
[(-14308, 6312, -5464), (234, 35, 96)]
[(-14308, 6312, -5464), (234, 35, 96)]
[(-14308, 6312, -5464), (234, 35, 96)]
[(-14308, 6312, -5464), (234, 35, 96)]
[(-14300, 6306, -5465), (195, 0, 86)]
[(-14300, 6306, -5465), (195, 0, 86)]
[(-14300, 6306, -5465), (195, 0, 86)]
[(-14300, 6306, -5465), (195, 0, 86)]
[(-14300, 6306, -5465), (195, 0, 86)]
[(-14307, 6322, -5446), (11, 94, 78)]
[(-14307, 6322, -5446), (11, 94, 78)]
[(-14307, 6322, -5446), (11, 94, 78)]
[(-14307, 6322, -5446), (11, 94, 78)]
[(-14307, 6322, -5446), (11, 94, 78)]
[(-14307, 6322, -5446), (11, 94, 78)]
[(-14328, 6288, -5460), (-83, 271, 83)]
[(-14328, 6288, -5460), (-83, 271, 83)]
[(-14328, 6288, -5460), (-83, 271, 83)]
[(-14328, 6288, -5460), (-83, 271, 83)]
[(-14328, 6288, -5460), (-83, 271, 83)]
[(-14308, 6282, -5459), (-83, 303, 84)]
[(-14308, 6282, -5459), (-83, 303, 84)]
[(-14308, 6282, -5459), (-83, 303, 84)]
[(-14308, 6282, -5459), (-83, 303, 84)]
[(-14308, 6282, -5459), (-83, 303, 84)]
[(-14308, 6282, -5459), (-83, 303, 84)]
[(-14308, 6282, -5459), (-83, 303, 84)]
[(-14336, 6293, -5464), (-83, 308, 67)]
[(-14336, 6293, -5464), (-83, 308, 67)]
[(-14336, 6293, -5464), (-83, 308, 67)]
[(-14336, 6293, -5464), (-83, 308, 67)]
[(-14336, 6293, -5464), (-83, 308, 67)]
[(-14336, 6293, -5464), (-83, 308, 67)]
[(-14359, 6296, -5256), (476, -183, 177)]
[(-14359, 6296, -5256), (476, -183, 177)]
[(-14359, 6296, -5256), (476, -183, 177)]
[(-14359, 6296, -5256), (476, -183, 177)]
[(-14359, 6296, -5256), (476, -183, 177)]
[(-14303, 6322, -5217), (506, -263, 189)]
[(-14303, 6322, -5217), (506, -263, 189)]
[(-14303, 6322, -5217), (506, -263, 189)]
[(-14303, 6322, -5217), (506, -263, 189)]
[(-14303, 6322, -5217), (506, -263, 189)]
[(-14303, 6322, -5217), (506, -263, 189)]
[(-14303, 6322, -5217), (506, -263, 189)]
[(-14308, 6344, -5213), (373, -263, 174)]
[(-14308, 6344, -5213), (373, -263, 174)]
[(-14308, 6344, -5213), (373, -263, 174)]
[(-14308, 6344, -5213), (373, -263, 174)]
[(-14308, 6344, -5213), (373, -263, 174)]
[(-14308, 6344, -5213), (373, -263, 174)]
[(-14319, 6356, -5164), (274, -171, 151)]
[(-14319, 6356, -5164), (274, -171, 151)]
[(-14319, 6356, -5164), (274, -171, 151)]
[(-14319, 6356, -5164), (274, -171, 151)]
[(-14319, 6356, -5164), (274, -171, 151)]
[(-14343, 6360, -5143), (227, -42, 138)]
[(-14343, 6360, -5143), (227, -42, 138)]
[(-14343, 6360, -5143), (227, -42, 138)]
[(-14343, 6360, -5143), (227, -42, 138)]
[(-14343, 6360, -5143), (227, -42, 138)]
[(-14343, 6360, -5143), (227, -42, 138)]
[(-14343, 6360, -5143), (227, -42, 138)]
[(-14353, 6379, -5150), (165, 52, 94)]
[(-14353, 6379, -5150), (165, 52, 94)]
[(-14353, 6379, -5150), (165, 52, 94)]
[(-14353, 6379, -5150), (165, 52, 94)]
[(-14353, 6379, -5150), (165, 52, 94)]
[(-14353, 6379, -5150), (165, 52, 94)]
[(-14348, 6368, -5164), (81, 63, 35)]
[(-14348, 6368, -5164), (81, 63, 35)]
[(-14348, 6368, -5164), (81, 63, 35)]
[(-14348, 6368, -5164), (81, 63, 35)]
[(-14348, 6368, -5164), (81, 63, 35)]
[(-14386, 6370, -5161), (-111, 0, -41)]
[(-14386, 6370, -5161), (-111, 0, -41)]
[(-14386, 6370, -5161), (-111, 0, -41)]
[(-14386, 6370, -5161), (-111, 0, -41)]
[(-14386, 6370, -5161), (-111, 0, -41)]
[(-14386, 6370, -5161), (-111, 0, -41)]
[(-14386, 6370, -5161), (-111, 0, -41)]
[(-14418, 6362, -5116), (-164, -3, -52)]
[(-14418, 6362, -5116), (-164, -3, -52)]
[(-14418, 6362, -5116), (-164, -3, -52)]
[(-14418, 6362, -5116), (-164, -3, -52)]
[(-14418, 6362, -5116), (-164, -3, -52)]
[(-14424, 6372, -5060), (-163, 18, -37)]
[(-14424, 6372, -5060), (-163, 18, -37)]
[(-14424, 6372, -5060), (-163, 18, -37)]
[(-14424, 6372, -5060), (-163, 18, -37)]
[(-14424, 6372, -5060), (-163, 18, -37)]
[(-14452, 6357, -5027), (-184, 97, -87)]
[(-14452, 6357, -5027), (-184, 97, -87)]
[(-14452, 6357, -5027), (-184, 97, -87)]
[(-14452, 6357, -5027), (-184, 97, -87)]
[(-14452, 6357, -5027), (-184, 97, -87)]
[(-14452, 6357, -5027), (-184, 97, -87)]
[(-14452, 6357, -5027), (-184, 97, -87)]
[(-14461, 6348, -4995), (-320, 146, -214)]
[(-14461, 6348, -4995), (-320, 146, -214)]
[(-14461, 6348, -4995), (-320, 146, -214)]
[(-14461, 6348, -4995), (-320, 146, -214)]
[(-14461, 6348, -4995), (-320, 146, -214)]
[(-14461, 6348, -4995), (-320, 146, -214)]
[(-14453, 6340, -5015), (-832, 137, -597)]
[(-14453, 6340, -5015), (-832, 137, -597)]
[(-14453, 6340, -5015), (-832, 137, -597)]
[(-14453, 6340, -5015), (-832, 137, -597)]
[(-14453, 6340, -5015), (-832, 137, -597)]