[(-14158, 7125, -4599), (-13, 196, 16)]
[(-14163, 7136, -4617), (-80, 236, -12)]
[(-14163, 7136, -4617), (-80, 236, -12)]
[(-14163, 7136, -4617), (-80, 236, -12)]
[(-14163, 7136, -4617), (-80, 236, -12)]
[(-14163, 7136, -4617), (-80, 236, -12)]
[(-14186, 7104, -4644), (-9, 169, -9)]
[(-14186, 7104, -4644), (-9, 169, -9)]
[(-14186, 7104, -4644), (-9, 169, -9)]
[(-14186, 7104, -4644), (-9, 169, -9)]
[(-14186, 7104, -4644), (-9, 169, -9)]
[(-14164, 7113, -4636), (-74, 222, -36)]
[(-14164, 7113, -4636), (-74, 222, -36)]
[(-14164, 7113, -4636), (-74, 222, -36)]
[(-14164, 7113, -4636), (-74, 222, -36)]
[(-14164, 7113, -4636), (-74, 222, -36)]
[(-14164, 7113, -4636), (-74, 222, -36)]
[(-14164, 7113, -4636), (-74, 222, -36)]
[(-14164, 7113, -4636), (-74, 222, -36)]
[(-14208, 7086, -4660), (-192, 313, -67)]
[(-14208, 7086, -4660), (-192, 313, -67)]
[(-14208, 7086, -4660), (-192, 313, -67)]
[(-14208, 7086, -4660), (-192, 313, -67)]
[(-14208, 7086, -4660), (-192, 313, -67)]
[(-14196, 7061, -4712), (-147, 287, -38)]
[(-14196, 7061, -4712), (-147, 287, -38)]
[(-14196, 7061, -4712), (-147, 287, -38)]
[(-14196, 7061, -4712), (-147, 287, -38)]
[(-14196, 7061, -4712), (-147, 287, -38)]
[(-14151, 7088, -4662), (-20, 189, 36)]
[(-14151, 7088, -4662), (-20, 189, 36)]
[(-14151, 7088, -4662), (-20, 189, 36)]
[(-14151, 7088, -4662), (-20, 189, 36)]
[(-14151, 7088, -4662), (-20, 189, 36)]
[(-14151, 7088, -4662), (-20, 189, 36)]
[(-14151, 7088, -4662), (-20, 189, 36)]
[(-14151, 7088, -4662), (-20, 189, 36)]
[(-14172, 7087, -4665), (-85, 191, -10)]
[(-14172, 7087, -4665), (-85, 191, -10)]
[(-14172, 7087, -4665), (-85, 191, -10)]
[(-14172, 7087, -4665), (-85, 191, -10)]
[(-14172, 7087, -4665), (-85, 191, -10)]
[(-14168, 7073, -4635), (-156, 178, 14)]
[(-14168, 7073, -4635), (-156, 178, 14)]
[(-14168, 7073, -4635), (-156, 178, 14)]
[(-14168, 7073, -4635), (-156, 178, 14)]
[(-14168, 7073, -4635), (-156, 178, 14)]
[(-14145, 7085, -4576), (-144, 168, 14)]
[(-14145, 7085, -4576), (-144, 168, 14)]
[(-14145, 7085, -4576), (-144, 168, 14)]
[(-14145, 7085, -4576), (-144, 168, 14)]
[(-14145, 7085, -4576), (-144, 168, 14)]
[(-14145, 7085, -4576), (-144, 168, 14)]
[(-14145, 7085, -4576), (-144, 168, 14)]
[(-14145, 7085, -4576), (-144, 168, 14)]
[(-14169, 7076, -4532), (-28, 111, -11)]
[(-14169, 7076, -4532), (-28, 111, -11)]
[(-14169, 7076, -4532), (-28, 111, -11)]
[(-14169, 7076, -4532), (-28, 111, -11)]
[(-14169, 7076, -4532), (-28, 111, -11)]
[(-14210, 7040, -4600), (115, 91, -9)]
[(-14210, 7040, -4600), (115, 91, -9)]
[(-14210, 7040, -4600), (115, 91, -9)]
[(-14210, 7040, -4600), (115, 91, -9)]
[(-14210, 7040, -4600), (115, 91, -9)]
[(-14234, 7032, -4579), (112, 171, -35)]
[(-14234, 7032, -4579), (112, 171, -35)]
[(-14234, 7032, -4579), (112, 171, -35)]
[(-14234, 7032, -4579), (112, 171, -35)]
[(-14234, 7032, -4579), (112, 171, -35)]
[(-14234, 7032, -4579), (112, 171, -35)]
[(-14232, 7004, -4600), (-76, 307, -8)]
[(-14232, 7004, -4600), (-76, 307, -8)]
[(-14232, 7004, -4600), (-76, 307, -8)]
[(-14232, 7004, -4600), (-76, 307, -8)]
[(-14232, 7004, -4600), (-76, 307, -8)]
[(-14232, 7004, -4600), (-76, 307, -8)]
[(-14232, 7004, -4600), (-76, 307, -8)]
[(-14236, 6992, -4552), (-167, 394, 12)]
[(-14236, 6992, -4552), (-167, 394, 12)]
[(-14236, 6992, -4552), (-167, 394, 12)]
[(-14236, 6992, -4552), (-167, 394, 12)]
[(-14236, 6992, -4552), (-167, 394, 12)]
[(-14244, 7016, -4567), (-142, 374, -21)]
[(-14244, 7016, -4567), (-142, 374, -21)]
[(-14244, 7016, -4567), (-142, 374, -21)]
[(-14244, 7016, -4567), (-142, 374, -21)]
[(-14244, 7016, -4567), (-142, 374, -21)]
[(-14244, 7016, -4567), (-142, 374, -21)]
[(-14204, 7038, -4589), (-145, 280, -62)]
[(-14204, 7038, -4589), (-145, 280, -62)]
[(-14204, 7038, -4589), (-145, 280, -62)]
[(-14204, 7038, -4589), (-145, 280, -62)]
[(-14204, 7038, -4589), (-145, 280, -62)]
[(-14204, 7038, -4589), (-145, 280, -62)]
[(-14204, 7038, -4589), (-145, 280, -62)]
[(-14232, 6999, -4593), (-264, 302, -73)]
[(-14232, 6999, -4593), (-264, 302, -73)]
[(-14232, 6999, -4593), (-264, 302, -73)]
[(-14232, 6999, -4593), (-264, 302, -73)]
[(-14232, 6999, -4593), (-264, 302, -73)]
[(-14246, 6984, -4572), (-267, 307, -38)]
[(-14246, 6984, -4572), (-267, 307, -38)]
[(-14246, 6984, -4572), (-267, 307, -38)]
[(-14246, 6984, -4572), (-267, 307, -38)]
[(-14246, 6984, -4572), (-267, 307, -38)]
[(-14246, 6984, -4572), (-267, 307, -38)]
[(-14239, 6960, -4580), (-276, 372, -40)]
[(-14239, 6960, -4580), (-276, 372, -40)]
[(-14239, 6960, -4580), (-276, 372, -40)]
[(-14239, 6960, -4580), (-276, 372, -40)]
[(-14239, 6960, -4580), (-276, 372, -40)]
[(-14239, 6960, -4580), (-276, 372, -40)]
[(-14239, 6960, -4580), (-276, 372, -40)]
[(-14248, 6952, -4593), (-241, 372, -30)]
[(-14248, 6952, -4593), (-241, 372, -30)]
[(-14248, 6952, -4593), (-241, 372, -30)]
[(-14248, 6952, -4593), (-241, 372, -30)]
[(-14248, 6952, -4593), (-241, 372, -30)]
[(-14258, 6952, -4588), (-248, 358, -14)]
[(-14258, 6952, -4588), (-248, 358, -14)]
[(-14258, 6952, -4588), (-248, 358, -14)]
[(-14258, 6952, -4588), (-248, 358, -14)]
[(-14258, 6952, -4588), (-248, 358, -14)]
[(-14258, 6952, -4588), (-248, 358, -14)]
[(-14258, 6952, -4588), (-248, 358, -14)]
[(-14258, 6952, -4588), (-248, 358, -14)]
[(-14276, 6980, -4592), (-250, 308, 13)]
[(-14276, 6980, -4592), (-250, 308, 13)]
[(-14276, 6980, -4592), (-250, 308, 13)]
[(-14276, 6980, -4592), (-250, 308, 13)]
[(-14276, 6980, -4592), (-250, 308, 13)]
[(-14272, 6987, -4572), (-232, 262, 48)]
[(-14272, 6987, -4572), (-232, 262, 48)]
[(-14272, 6987, -4572), (-232, 262, 48)]
[(-14272, 6987, -4572), (-232, 262, 48)]
[(-14272, 6987, -4572), (-232, 262, 48)]
[(-14272, 6987, -4572), (-232, 262, 48)]
[(-14253, 6991, -4556), (-178, 264, 52)]
[(-14253, 6991, -4556), (-178, 264, 52)]
[(-14253, 6991, -4556), (-178, 264, 52)]
[(-14279, 7008, -4557), (-160, 279, 48)]
[(-14279, 7008, -4557), (-160, 279, 48)]
[(-14279, 7008, -4557), (-160, 279, 48)]
[(-14279, 7008, -4557), (-160, 279, 48)]
[(-14279, 7008, -4557), (-160, 279, 48)]
[(-14279, 7008, -4557), (-160, 279, 48)]
[(-14279, 7008, -4557), (-160, 279, 48)]
[(-14272, 7015, -4569), (-144, 264, 31)]
[(-14272, 7015, -4569), (-144, 264, 31)]
[(-14272, 7015, -4569), (-144, 264, 31)]
[(-14272, 7015, -4569), (-144, 264, 31)]
[(-14272, 7015, -4569), (-144, 264, 31)]
[(-14272, 7015, -4569), (-144, 264, 31)]
[(-14236, 7015, -4592), (-152, 246, 23)]
[(-14236, 7015, -4592), (-152, 246, 23)]
[(-14236, 7015, -4592), (-152, 246, 23)]
[(-14236, 7015, -4592), (-152, 246, 23)]
[(-14236, 7015, -4592), (-152, 246, 23)]
[(-14244, 7031, -4594), (-162, 246, 19)]
[(-14244, 7031, -4594), (-162, 246, 19)]
[(-14244, 7031, -4594), (-162, 246, 19)]
[(-14244, 7031, -4594), (-162, 246, 19)]