[(-14212, 7050, -4551), (-68, 190, -43)]
[(-14212, 7072, -4503), (-61, 201, -30)]
[(-14212, 7072, -4503), (-61, 201, -30)]
[(-14212, 7072, -4503), (-61, 201, -30)]
[(-14212, 7072, -4503), (-61, 201, -30)]
[(-14245, 7072, -4498), (10, 97, -18)]
[(-14245, 7072, -4498), (10, 97, -18)]
[(-14245, 7072, -4498), (10, 97, -18)]
[(-14245, 7072, -4498), (10, 97, -18)]
[(-14245, 7072, -4498), (10, 97, -18)]
[(-14236, 7054, -4488), (56, 116, 10)]
[(-14236, 7054, -4488), (56, 116, 10)]
[(-14236, 7054, -4488), (56, 116, 10)]
[(-14236, 7054, -4488), (56, 116, 10)]
[(-14236, 7054, -4488), (56, 116, 10)]
[(-14236, 7054, -4488), (56, 116, 10)]
[(-14224, 7041, -4477), (24, 177, -13)]
[(-14224, 7041, -4477), (24, 177, -13)]
[(-14224, 7041, -4477), (24, 177, -13)]
[(-14224, 7041, -4477), (24, 177, -13)]
[(-14224, 7041, -4477), (24, 177, -13)]
[(-14224, 7041, -4477), (24, 177, -13)]
[(-14224, 7041, -4477), (24, 177, -13)]
[(-14233, 7040, -4490), (30, 190, -11)]
[(-14233, 7040, -4490), (30, 190, -11)]
[(-14233, 7040, -4490), (30, 190, -11)]
[(-14233, 7040, -4490), (30, 190, -11)]
[(-14233, 7040, -4490), (30, 190, -11)]
[(-14258, 6996, -4509), (55, 204, -24)]
[(-14258, 6996, -4509), (55, 204, -24)]
[(-14258, 6996, -4509), (55, 204, -24)]
[(-14258, 6996, -4509), (55, 204, -24)]
[(-14258, 6996, -4509), (55, 204, -24)]
[(-14258, 6996, -4509), (55, 204, -24)]
[(-14236, 6989, -4509), (64, 185, -23)]
[(-14236, 6989, -4509), (64, 185, -23)]
[(-14236, 6989, -4509), (64, 185, -23)]
[(-14236, 6989, -4509), (64, 185, -23)]
[(-14236, 6989, -4509), (64, 185, -23)]
[(-14236, 6989, -4509), (64, 185, -23)]
[(-14236, 6989, -4509), (64, 185, -23)]
[(-14238, 6948, -4588), (66, 111, -2)]
[(-14238, 6948, -4588), (66, 111, -2)]
[(-14238, 6948, -4588), (66, 111, -2)]
[(-14238, 6948, -4588), (66, 111, -2)]
[(-14238, 6948, -4588), (66, 111, -2)]
[(-14254, 6948, -4633), (-23, 172, -24)]
[(-14254, 6948, -4633), (-23, 172, -24)]
[(-14254, 6948, -4633), (-23, 172, -24)]
[(-14254, 6948, -4633), (-23, 172, -24)]
[(-14254, 6948, -4633), (-23, 172, -24)]
[(-14254, 6948, -4633), (-23, 172, -24)]
[(-14206, 7004, -4634), (30, 213, -8)]
[(-14206, 7004, -4634), (30, 213, -8)]
[(-14206, 7004, -4634), (30, 213, -8)]
[(-14206, 7004, -4634), (30, 213, -8)]
[(-14206, 7004, -4634), (30, 213, -8)]
[(-14206, 7004, -4634), (30, 213, -8)]
[(-14206, 7004, -4634), (30, 213, -8)]
[(-14254, 6968, -4630), (61, 245, -28)]
[(-14254, 6968, -4630), (61, 245, -28)]
[(-14254, 6968, -4630), (61, 245, -28)]
[(-14254, 6968, -4630), (61, 245, -28)]
[(-14254, 6968, -4630), (61, 245, -28)]
[(-14271, 6924, -4661), (32, 283, -13)]
[(-14271, 6924, -4661), (32, 283, -13)]
[(-14271, 6924, -4661), (32, 283, -13)]
[(-14271, 6924, -4661), (32, 283, -13)]
[(-14271, 6924, -4661), (32, 283, -13)]
[(-14271, 6924, -4661), (32, 283, -13)]
[(-14269, 6952, -4678), (7, 137, 47)]
[(-14269, 6952, -4678), (7, 137, 47)]
[(-14269, 6952, -4678), (7, 137, 47)]
[(-14269, 6952, -4678), (7, 137, 47)]
[(-14269, 6952, -4678), (7, 137, 47)]
[(-14269, 6952, -4678), (7, 137, 47)]
[(-14269, 6952, -4678), (7, 137, 47)]
[(-14256, 6957, -4667), (-101, 147, 58)]
[(-14256, 6957, -4667), (-101, 147, 58)]
[(-14256, 6957, -4667), (-101, 147, 58)]
[(-14256, 6957, -4667), (-101, 147, 58)]
[(-14256, 6957, -4667), (-101, 147, 58)]
[(-14231, 6996, -4665), (-152, 148, 72)]
[(-14231, 6996, -4665), (-152, 148, 72)]
[(-14231, 6996, -4665), (-152, 148, 72)]
[(-14231, 6996, -4665), (-152, 148, 72)]
[(-14231, 6996, -4665), (-152, 148, 72)]
[(-14231, 6996, -4665), (-152, 148, 72)]
[(-14252, 6979, -4645), (-117, 169, 85)]
[(-14252, 6979, -4645), (-117, 169, 85)]
[(-14252, 6979, -4645), (-117, 169, 85)]
[(-14252, 6979, -4645), (-117, 169, 85)]
[(-14252, 6979, -4645), (-117, 169, 85)]
[(-14252, 6979, -4645), (-117, 169, 85)]
[(-14252, 6979, -4645), (-117, 169, 85)]
[(-14233, 6991, -4622), (-137, 225, 76)]
[(-14233, 6991, -4622), (-137, 225, 76)]
[(-14233, 6991, -4622), (-137, 225, 76)]
[(-14233, 6991, -4622), (-137, 225, 76)]
[(-14233, 6991, -4622), (-137, 225, 76)]
[(-14220, 6994, -4614), (-144, 232, 86)]
[(-14220, 6994, -4614), (-144, 232, 86)]
[(-14220, 6994, -4614), (-144, 232, 86)]
[(-14220, 6994, -4614), (-144, 232, 86)]
[(-14220, 6994, -4614), (-144, 232, 86)]
[(-14220, 6994, -4614), (-144, 232, 86)]
[(-14227, 7004, -4639), (-160, 175, 61)]
[(-14227, 7004, -4639), (-160, 175, 61)]
[(-14227, 7004, -4639), (-160, 175, 61)]
[(-14227, 7004, -4639), (-160, 175, 61)]
[(-14227, 7004, -4639), (-160, 175, 61)]
[(-14227, 7004, -4639), (-160, 175, 61)]
[(-14227, 7004, -4639), (-160, 175, 61)]
[(-14228, 7013, -4668), (-188, 175, 47)]
[(-14228, 7013, -4668), (-188, 175, 47)]
[(-14228, 7013, -4668), (-188, 175, 47)]
[(-14228, 7013, -4668), (-188, 175, 47)]
[(-14228, 7013, -4668), (-188, 175, 47)]
[(-14219, 7016, -4656), (-172, 221, 73)]
[(-14219, 7016, -4656), (-172, 221, 73)]
[(-14219, 7016, -4656), (-172, 221, 73)]
[(-14219, 7016, -4656), (-172, 221, 73)]
[(-14219, 7016, -4656), (-172, 221, 73)]
[(-14219, 7016, -4656), (-172, 221, 73)]
[(-14218, 7025, -4675), (-131, 257, 77)]
[(-14218, 7025, -4675), (-131, 257, 77)]
[(-14218, 7025, -4675), (-131, 257, 77)]
[(-14218, 7025, -4675), (-131, 257, 77)]
[(-14218, 7025, -4675), (-131, 257, 77)]
[(-14184, 7057, -4679), (-106, 211, 45)]
[(-14184, 7057, -4679), (-106, 211, 45)]
[(-14184, 7057, -4679), (-106, 211, 45)]
[(-14184, 7057, -4679), (-106, 211, 45)]
[(-14184, 7057, -4679), (-106, 211, 45)]
[(-14184, 7057, -4679), (-106, 211, 45)]
[(-14184, 7057, -4679), (-106, 211, 45)]
[(-14165, 7057, -4654), (-131, 185, 6)]
[(-14165, 7057, -4654), (-131, 185, 6)]
[(-14165, 7057, -4654), (-131, 185, 6)]
[(-14165, 7057, -4654), (-131, 185, 6)]
[(-14184, 7023, -4627), (-133, 169, 17)]
[(-14184, 7023, -4627), (-133, 169, 17)]
[(-14184, 7023, -4627), (-133, 169, 17)]
[(-14184, 7023, -4627), (-133, 169, 17)]
[(-14184, 7023, -4627), (-133, 169, 17)]
[(-14194, 7047, -4604), (-92, 191, 38)]
[(-14194, 7047, -4604), (-92, 191, 38)]
[(-14194, 7047, -4604), (-92, 191, 38)]
[(-14194, 7047, -4604), (-92, 191, 38)]
[(-14194, 7047, -4604), (-92, 191, 38)]
[(-14194, 7047, -4604), (-92, 191, 38)]
[(-14194, 7047, -4604), (-92, 191, 38)]
[(-14192, 7073, -4613), (-78, 237, 6)]
[(-14192, 7073, -4613), (-78, 237, 6)]
[(-14192, 7073, -4613), (-78, 237, 6)]
[(-14192, 7073, -4613), (-78, 237, 6)]
[(-14192, 7073, -4613), (-78, 237, 6)]
[(-14192, 7073, -4613), (-78, 237, 6)]
[(-14192, 7075, -4628), (-82, 232, -35)]
[(-14192, 7075, -4628), (-82, 232, -35)]