[(-14868, 2560, -7050), (-40, 230, 40)]
[(-14838, 2540, -7013), (-27, 251, 23)]
[(-14838, 2540, -7013), (-27, 251, 23)]
[(-14838, 2540, -7013), (-27, 251, 23)]
[(-14838, 2540, -7013), (-27, 251, 23)]
[(-14838, 2540, -7013), (-27, 251, 23)]
[(-14847, 2544, -7011), (-58, 241, 18)]
[(-14847, 2544, -7011), (-58, 241, 18)]
[(-14847, 2544, -7011), (-58, 241, 18)]
[(-14847, 2544, -7011), (-58, 241, 18)]
[(-14847, 2544, -7011), (-58, 241, 18)]
[(-14847, 2544, -7011), (-58, 241, 18)]
[(-14847, 2544, -7011), (-58, 241, 18)]
[(-14879, 2561, -7016), (-79, 215, 4)]
[(-14879, 2561, -7016), (-79, 215, 4)]
[(-14879, 2561, -7016), (-79, 215, 4)]
[(-14879, 2561, -7016), (-79, 215, 4)]
[(-14879, 2561, -7016), (-79, 215, 4)]
[(-14879, 2561, -7016), (-79, 215, 4)]
[(-14896, 2554, -7028), (-28, 226, 26)]
[(-14896, 2554, -7028), (-28, 226, 26)]
[(-14896, 2554, -7028), (-28, 226, 26)]
[(-14896, 2554, -7028), (-28, 226, 26)]
[(-14896, 2554, -7028), (-28, 226, 26)]
[(-14874, 2565, -7042), (194, 145, 99)]
[(-14874, 2565, -7042), (194, 145, 99)]
[(-14874, 2565, -7042), (194, 145, 99)]
[(-14874, 2565, -7042), (194, 145, 99)]
[(-14874, 2565, -7042), (194, 145, 99)]
[(-14874, 2565, -7042), (194, 145, 99)]
[(-14874, 2565, -7042), (194, 145, 99)]
[(-14892, 2563, -7023), (341, 90, 144)]
[(-14892, 2563, -7023), (341, 90, 144)]
[(-14892, 2563, -7023), (341, 90, 144)]
[(-14892, 2563, -7023), (341, 90, 144)]
[(-14892, 2563, -7023), (341, 90, 144)]
[(-14893, 2525, -7041), (267, 88, 132)]
[(-14893, 2525, -7041), (267, 88, 132)]
[(-14893, 2525, -7041), (267, 88, 132)]
[(-14893, 2525, -7041), (267, 88, 132)]
[(-14893, 2525, -7041), (267, 88, 132)]
[(-14893, 2525, -7041), (267, 88, 132)]
[(-14915, 2525, -7054), (127, 122, 100)]
[(-14915, 2525, -7054), (127, 122, 100)]
[(-14915, 2525, -7054), (127, 122, 100)]
[(-14915, 2525, -7054), (127, 122, 100)]
[(-14915, 2525, -7054), (127, 122, 100)]
[(-14915, 2525, -7054), (127, 122, 100)]
[(-14915, 2525, -7054), (127, 122, 100)]
[(-14918, 2516, -7037), (106, 177, 83)]
[(-14918, 2516, -7037), (106, 177, 83)]
[(-14918, 2516, -7037), (106, 177, 83)]
[(-14918, 2516, -7037), (106, 177, 83)]
[(-14918, 2516, -7037), (106, 177, 83)]
[(-14931, 2504, -7012), (101, 224, 54)]
[(-14931, 2504, -7012), (101, 224, 54)]
[(-14931, 2504, -7012), (101, 224, 54)]
[(-14931, 2504, -7012), (101, 224, 54)]
[(-14931, 2504, -7012), (101, 224, 54)]
[(-14931, 2504, -7012), (101, 224, 54)]
[(-14929, 2515, -7054), (-514, 341, -106)]
[(-14929, 2515, -7054), (-514, 341, -106)]
[(-14929, 2515, -7054), (-514, 341, -106)]
[(-14929, 2515, -7054), (-514, 341, -106)]
[(-14929, 2515, -7054), (-514, 341, -106)]
[(-14893, 2512, -7113), (-891, 429, -221)]
[(-14893, 2512, -7113), (-891, 429, -221)]
[(-14893, 2512, -7113), (-891, 429, -221)]
[(-14893, 2512, -7113), (-891, 429, -221)]
[(-14893, 2512, -7113), (-891, 429, -221)]
[(-14893, 2512, -7113), (-891, 429, -221)]
[(-14893, 2512, -7113), (-891, 429, -221)]
[(-14904, 2534, -7156), (-970, 518, -203)]
[(-14904, 2534, -7156), (-970, 518, -203)]
[(-14904, 2534, -7156), (-970, 518, -203)]
[(-14904, 2534, -7156), (-970, 518, -203)]
[(-14904, 2534, -7156), (-970, 518, -203)]
[(-14904, 2534, -7156), (-970, 518, -203)]
[(-14876, 2537, -7162), (-799, 494, -163)]
[(-14876, 2537, -7162), (-799, 494, -163)]
[(-14876, 2537, -7162), (-799, 494, -163)]
[(-14876, 2537, -7162), (-799, 494, -163)]
[(-14876, 2537, -7162), (-799, 494, -163)]
[(-14870, 2550, -7176), (-638, 441, -117)]
[(-14870, 2550, -7176), (-638, 441, -117)]
[(-14870, 2550, -7176), (-638, 441, -117)]
[(-14870, 2550, -7176), (-638, 441, -117)]
[(-14870, 2550, -7176), (-638, 441, -117)]
[(-14870, 2550, -7176), (-638, 441, -117)]
[(-14870, 2550, -7176), (-638, 441, -117)]
[(-14884, 2545, -7195), (-536, 353, -79)]
[(-14884, 2545, -7195), (-536, 353, -79)]
[(-14884, 2545, -7195), (-536, 353, -79)]
[(-14884, 2545, -7195), (-536, 353, -79)]
[(-14884, 2545, -7195), (-536, 353, -79)]
[(-14884, 2545, -7195), (-536, 353, -79)]
[(-14870, 2559, -7244), (-463, 310, -62)]
[(-14870, 2559, -7244), (-463, 310, -62)]
[(-14870, 2559, -7244), (-463, 310, -62)]
[(-14870, 2559, -7244), (-463, 310, -62)]
[(-14870, 2559, -7244), (-463, 310, -62)]
[(-14872, 2571, -7267), (-357, 317, -43)]
[(-14872, 2571, -7267), (-357, 317, -43)]
[(-14872, 2571, -7267), (-357, 317, -43)]
[(-14872, 2571, -7267), (-357, 317, -43)]
[(-14872, 2571, -7267), (-357, 317, -43)]
[(-14872, 2571, -7267), (-357, 317, -43)]
[(-14872, 2571, -7267), (-357, 317, -43)]
[(-14872, 2571, -7267), (-357, 317, -43)]
[(-14836, 2577, -7248), (-298, 345, -27)]
[(-14836, 2577, -7248), (-298, 345, -27)]
[(-14836, 2577, -7248), (-298, 345, -27)]
[(-14824, 2572, -7237), (-233, 337, -12)]
[(-14824, 2572, -7237), (-233, 337, -12)]
[(-14824, 2572, -7237), (-233, 337, -12)]
[(-14824, 2572, -7237), (-233, 337, -12)]
[(-14824, 2572, -7237), (-233, 337, -12)]
[(-14804, 2572, -7220), (-223, 303, -14)]
[(-14804, 2572, -7220), (-223, 303, -14)]
[(-14804, 2572, -7220), (-223, 303, -14)]
[(-14804, 2572, -7220), (-223, 303, -14)]
[(-14804, 2572, -7220), (-223, 303, -14)]
[(-14804, 2572, -7220), (-223, 303, -14)]
[(-14804, 2572, -7220), (-223, 303, -14)]
[(-14817, 2571, -7216), (-200, 267, -5)]
[(-14817, 2571, -7216), (-200, 267, -5)]
[(-14817, 2571, -7216), (-200, 267, -5)]
[(-14817, 2571, -7216), (-200, 267, -5)]
[(-14817, 2571, -7216), (-200, 267, -5)]
[(-14817, 2571, -7216), (-200, 267, -5)]
[(-14803, 2570, -7246), (-189, 278, -7)]
[(-14803, 2570, -7246), (-189, 278, -7)]
[(-14803, 2570, -7246), (-189, 278, -7)]