[(-14724, 5224, -5349), (-150, 226, 24)]
[(-14724, 5224, -5349), (-150, 226, 24)]
[(-14724, 5224, -5349), (-150, 226, 24)]
[(-14724, 5224, -5349), (-150, 226, 24)]
[(-14724, 5224, -5349), (-150, 226, 24)]
[(-14724, 5224, -5349), (-150, 226, 24)]
[(-14724, 5224, -5349), (-150, 226, 24)]
[(-14731, 5211, -5344), (-147, 241, 12)]
[(-14708, 5232, -5311), (-167, 248, 14)]
[(-14706, 5216, -5328), (-145, 245, 15)]
[(-14706, 5216, -5328), (-145, 245, 15)]
[(-14706, 5216, -5328), (-145, 245, 15)]
[(-14706, 5216, -5328), (-145, 245, 15)]
[(-14691, 5222, -5340), (-149, 271, 20)]
[(-14691, 5222, -5340), (-149, 271, 20)]
[(-14691, 5222, -5340), (-149, 271, 20)]
[(-14691, 5222, -5340), (-149, 271, 20)]
[(-14691, 5222, -5340), (-149, 271, 20)]
[(-14691, 5222, -5340), (-149, 271, 20)]
[(-14691, 5222, -5340), (-149, 271, 20)]
[(-14688, 5240, -5349), (-182, 253, 40)]
[(-14688, 5240, -5349), (-182, 253, 40)]
[(-14688, 5240, -5349), (-182, 253, 40)]
[(-14688, 5240, -5349), (-182, 253, 40)]
[(-14688, 5240, -5349), (-182, 253, 40)]
[(-14688, 5240, -5349), (-182, 253, 40)]
[(-14688, 5240, -5349), (-182, 253, 40)]
[(-14685, 5245, -5375), (-142, 224, 21)]
[(-14685, 5245, -5375), (-142, 224, 21)]
[(-14685, 5245, -5375), (-142, 224, 21)]
[(-14685, 5245, -5375), (-142, 224, 21)]
[(-14684, 5246, -5406), (-89, 195, 26)]
[(-14684, 5246, -5406), (-89, 195, 26)]
[(-14684, 5246, -5406), (-89, 195, 26)]
[(-14684, 5246, -5406), (-89, 195, 26)]
[(-14684, 5246, -5406), (-89, 195, 26)]
[(-14684, 5246, -5406), (-89, 195, 26)]
[(-14684, 5246, -5406), (-89, 195, 26)]
[(-14684, 5252, -5393), (-67, 177, 25)]
[(-14684, 5252, -5393), (-67, 177, 25)]
[(-14684, 5252, -5393), (-67, 177, 25)]
[(-14684, 5252, -5393), (-67, 177, 25)]
[(-14684, 5252, -5393), (-67, 177, 25)]
[(-14684, 5252, -5393), (-67, 177, 25)]
[(-14680, 5252, -5406), (25, 169, 33)]
[(-14680, 5252, -5406), (25, 169, 33)]
[(-14680, 5252, -5406), (25, 169, 33)]
[(-14680, 5252, -5406), (25, 169, 33)]
[(-14680, 5252, -5406), (25, 169, 33)]
[(-14718, 5247, -5396), (199, 106, 38)]
[(-14718, 5247, -5396), (199, 106, 38)]
[(-14718, 5247, -5396), (199, 106, 38)]
[(-14718, 5247, -5396), (199, 106, 38)]
[(-14718, 5247, -5396), (199, 106, 38)]
[(-14692, 5236, -5409), (204, 118, 57)]
[(-14692, 5236, -5409), (204, 118, 57)]
[(-14692, 5236, -5409), (204, 118, 57)]
[(-14692, 5236, -5409), (204, 118, 57)]
[(-14692, 5236, -5409), (204, 118, 57)]
[(-14692, 5236, -5409), (204, 118, 57)]
[(-14692, 5236, -5409), (204, 118, 57)]
[(-14692, 5236, -5409), (204, 118, 57)]
[(-14692, 5236, -5409), (204, 118, 57)]
[(-14712, 5236, -5424), (196, 115, 63)]
[(-14712, 5236, -5424), (196, 115, 63)]
[(-14712, 5236, -5424), (196, 115, 63)]
[(-14712, 5236, -5424), (196, 115, 63)]
[(-14696, 5230, -5437), (162, 124, 48)]
[(-14696, 5230, -5437), (162, 124, 48)]
[(-14696, 5230, -5437), (162, 124, 48)]
[(-14696, 5230, -5437), (162, 124, 48)]
[(-14696, 5230, -5437), (162, 124, 48)]
[(-14710, 5211, -5461), (144, 128, 34)]
[(-14710, 5211, -5461), (144, 128, 34)]
[(-14710, 5211, -5461), (144, 128, 34)]
[(-14710, 5211, -5461), (144, 128, 34)]
[(-14710, 5211, -5461), (144, 128, 34)]
[(-14710, 5211, -5461), (144, 128, 34)]
[(-14710, 5211, -5461), (144, 128, 34)]
[(-14710, 5211, -5461), (144, 128, 34)]
[(-14714, 5179, -5447), (110, 132, 29)]
[(-14714, 5179, -5447), (110, 132, 29)]
[(-14714, 5179, -5447), (110, 132, 29)]
[(-14714, 5179, -5447), (110, 132, 29)]
[(-14714, 5179, -5447), (110, 132, 29)]
[(-14704, 5176, -5439), (115, 112, 18)]
[(-14704, 5176, -5439), (115, 112, 18)]
[(-14704, 5176, -5439), (115, 112, 18)]
[(-14704, 5176, -5439), (115, 112, 18)]
[(-14704, 5176, -5439), (115, 112, 18)]
[(-14713, 5154, -5431), (73, 141, 10)]
[(-14713, 5154, -5431), (73, 141, 10)]
[(-14713, 5154, -5431), (73, 141, 10)]
[(-14713, 5154, -5431), (73, 141, 10)]
[(-14713, 5154, -5431), (73, 141, 10)]
[(-14713, 5154, -5431), (73, 141, 10)]
[(-14713, 5154, -5431), (73, 141, 10)]
[(-14713, 5154, -5431), (73, 141, 10)]
[(-14739, 5120, -5440), (15, 135, 12)]
[(-14739, 5120, -5440), (15, 135, 12)]
[(-14739, 5120, -5440), (15, 135, 12)]
[(-14739, 5120, -5440), (15, 135, 12)]
[(-14739, 5120, -5440), (15, 135, 12)]
[(-14739, 5120, -5440), (15, 135, 12)]
[(-14725, 5107, -5424), (-64, 143, 21)]
[(-14725, 5107, -5424), (-64, 143, 21)]
[(-14725, 5107, -5424), (-64, 143, 21)]
[(-14733, 5096, -5404), (-123, 172, 10)]
[(-14733, 5096, -5404), (-123, 172, 10)]
[(-14733, 5096, -5404), (-123, 172, 10)]
[(-14733, 5096, -5404), (-123, 172, 10)]
[(-14733, 5096, -5404), (-123, 172, 10)]
[(-14733, 5096, -5404), (-123, 172, 10)]
[(-14733, 5096, -5404), (-123, 172, 10)]
[(-14733, 5096, -5404), (-123, 172, 10)]
[(-14736, 5092, -5393), (-198, 197, 0)]
[(-14736, 5092, -5393), (-198, 197, 0)]
[(-14736, 5092, -5393), (-198, 197, 0)]
[(-14736, 5092, -5393), (-198, 197, 0)]
[(-14736, 5092, -5393), (-198, 197, 0)]
[(-14736, 5092, -5393), (-198, 197, 0)]
[(-14736, 5092, -5393), (-198, 197, 0)]
[(-14724, 5116, -5378), (-196, 201, -7)]
[(-14724, 5116, -5378), (-196, 201, -7)]
[(-14724, 5116, -5378), (-196, 201, -7)]
[(-14724, 5116, -5378), (-196, 201, -7)]
[(-14730, 5135, -5360), (-260, 181, -6)]
[(-14730, 5135, -5360), (-260, 181, -6)]