[(-14011, 5590, -7052), (-160, 299, -1)]
[(-14068, 5623, -7032), (-207, 257, 21)]
[(-14068, 5623, -7032), (-207, 257, 21)]
[(-14068, 5623, -7032), (-207, 257, 21)]
[(-14068, 5623, -7032), (-207, 257, 21)]
[(-14068, 5623, -7032), (-207, 257, 21)]
[(-14072, 5607, -7003), (-161, 269, -16)]
[(-14072, 5607, -7003), (-161, 269, -16)]
[(-14072, 5607, -7003), (-161, 269, -16)]
[(-14072, 5607, -7003), (-161, 269, -16)]
[(-14072, 5607, -7003), (-161, 269, -16)]
[(-14068, 5619, -7043), (-169, 292, 15)]
[(-14068, 5619, -7043), (-169, 292, 15)]
[(-14068, 5619, -7043), (-169, 292, 15)]
[(-14068, 5619, -7043), (-169, 292, 15)]
[(-14068, 5619, -7043), (-169, 292, 15)]
[(-14068, 5619, -7043), (-169, 292, 15)]
[(-14068, 5619, -7043), (-169, 292, 15)]
[(-14064, 5627, -7078), (-181, 309, 12)]
[(-14064, 5627, -7078), (-181, 309, 12)]
[(-14064, 5627, -7078), (-181, 309, 12)]
[(-14064, 5627, -7078), (-181, 309, 12)]
[(-14064, 5627, -7078), (-181, 309, 12)]
[(-14064, 5627, -7078), (-181, 309, 12)]
[(-14045, 5644, -7112), (-186, 367, -29)]
[(-14045, 5644, -7112), (-186, 367, -29)]
[(-14045, 5644, -7112), (-186, 367, -29)]
[(-14045, 5644, -7112), (-186, 367, -29)]
[(-14045, 5644, -7112), (-186, 367, -29)]
[(-14043, 5640, -7142), (-300, 514, -14)]
[(-14043, 5640, -7142), (-300, 514, -14)]
[(-14043, 5640, -7142), (-300, 514, -14)]
[(-14043, 5640, -7142), (-300, 514, -14)]
[(-14043, 5640, -7142), (-300, 514, -14)]
[(-14043, 5640, -7142), (-300, 514, -14)]
[(-14043, 5640, -7142), (-300, 514, -14)]
[(-14016, 5662, -7156), (-435, 629, -20)]
[(-14016, 5662, -7156), (-435, 629, -20)]
[(-14016, 5662, -7156), (-435, 629, -20)]
[(-14016, 5662, -7156), (-435, 629, -20)]
[(-14016, 5662, -7156), (-435, 629, -20)]
[(-14016, 5662, -7156), (-435, 629, -20)]
[(-14006, 5675, -7182), (-432, 465, 8)]
[(-14006, 5675, -7182), (-432, 465, 8)]
[(-14006, 5675, -7182), (-432, 465, 8)]
[(-14006, 5675, -7182), (-432, 465, 8)]
[(-14006, 5675, -7182), (-432, 465, 8)]
[(-13971, 5708, -7241), (-346, 343, -61)]
[(-13971, 5708, -7241), (-346, 343, -61)]
[(-13971, 5708, -7241), (-346, 343, -61)]
[(-13971, 5708, -7241), (-346, 343, -61)]
[(-13971, 5708, -7241), (-346, 343, -61)]
[(-13971, 5708, -7241), (-346, 343, -61)]
[(-13971, 5708, -7241), (-346, 343, -61)]
[(-13985, 5677, -7248), (-219, 253, -56)]
[(-13985, 5677, -7248), (-219, 253, -56)]
[(-13985, 5677, -7248), (-219, 253, -56)]
[(-13985, 5677, -7248), (-219, 253, -56)]
[(-13985, 5677, -7248), (-219, 253, -56)]
[(-13985, 5677, -7248), (-219, 253, -56)]
[(-14040, 5655, -7187), (79, -109, 0)]
[(-14040, 5655, -7187), (79, -109, 0)]
[(-14040, 5655, -7187), (79, -109, 0)]
[(-14040, 5655, -7187), (79, -109, 0)]
[(-14040, 5655, -7187), (79, -109, 0)]
[(-14090, 5623, -7148), (203, -96, 116)]
[(-14090, 5623, -7148), (203, -96, 116)]
[(-14090, 5623, -7148), (203, -96, 116)]
[(-14090, 5623, -7148), (203, -96, 116)]
[(-14090, 5623, -7148), (203, -96, 116)]
[(-14090, 5623, -7148), (203, -96, 116)]
[(-14090, 5623, -7148), (203, -96, 116)]
[(-14114, 5610, -7075), (237, -77, 241)]
[(-14114, 5610, -7075), (237, -77, 241)]
[(-14114, 5610, -7075), (237, -77, 241)]
[(-14114, 5610, -7075), (237, -77, 241)]
[(-14114, 5610, -7075), (237, -77, 241)]
[(-14114, 5610, -7075), (237, -77, 241)]
[(-14085, 5624, -7040), (60, 94, 394)]
[(-14085, 5624, -7040), (60, 94, 394)]
[(-14085, 5624, -7040), (60, 94, 394)]
[(-14085, 5624, -7040), (60, 94, 394)]
[(-14085, 5624, -7040), (60, 94, 394)]
[(-14040, 5722, -7007), (-47, 218, 513)]
[(-14040, 5722, -7007), (-47, 218, 513)]
[(-14040, 5722, -7007), (-47, 218, 513)]
[(-14040, 5722, -7007), (-47, 218, 513)]
[(-14040, 5722, -7007), (-47, 218, 513)]
[(-14040, 5722, -7007), (-47, 218, 513)]
[(-14040, 5722, -7007), (-47, 218, 513)]
[(-13955, 5848, -7021), (-17, 265, 512)]
[(-13955, 5848, -7021), (-17, 265, 512)]
[(-13955, 5848, -7021), (-17, 265, 512)]
[(-13955, 5848, -7021), (-17, 265, 512)]
[(-13955, 5848, -7021), (-17, 265, 512)]
[(-13955, 5848, -7021), (-17, 265, 512)]
[(-13882, 5979, -7072), (-9, 330, 327)]
[(-13882, 5979, -7072), (-9, 330, 327)]
[(-13882, 5979, -7072), (-9, 330, 327)]
[(-13882, 5979, -7072), (-9, 330, 327)]
[(-13882, 5979, -7072), (-9, 330, 327)]
[(-13870, 6022, -7114), (-86, 385, 12)]
[(-13870, 6022, -7114), (-86, 385, 12)]
[(-13870, 6022, -7114), (-86, 385, 12)]
[(-13870, 6022, -7114), (-86, 385, 12)]
[(-13870, 6022, -7114), (-86, 385, 12)]
[(-13870, 6022, -7114), (-86, 385, 12)]
[(-13870, 6022, -7114), (-86, 385, 12)]
[(-13870, 6022, -7114), (-86, 385, 12)]
[(-13872, 6048, -7100), (-286, 238, -214)]
[(-13872, 6048, -7100), (-286, 238, -214)]
[(-13872, 6048, -7100), (-286, 238, -214)]
[(-13872, 6048, -7100), (-286, 238, -214)]
[(-13922, 5946, -7041), (-464, 241, -433)]
[(-13922, 5946, -7041), (-464, 241, -433)]
[(-13922, 5946, -7041), (-464, 241, -433)]
[(-13922, 5946, -7041), (-464, 241, -433)]
[(-13922, 5946, -7041), (-464, 241, -433)]
[(-14009, 5784, -7011), (-214, 215, -510)]
[(-14009, 5784, -7011), (-214, 215, -510)]
[(-14009, 5784, -7011), (-214, 215, -510)]
[(-14009, 5784, -7011), (-214, 215, -510)]
[(-14009, 5784, -7011), (-214, 215, -510)]
[(-14009, 5784, -7011), (-214, 215, -510)]
[(-14009, 5784, -7011), (-214, 215, -510)]
[(-14040, 5734, -6978), (-153, 237, -459)]