[(-14155, 5924, -6477), (-127, 271, 30)]
[(-14138, 5921, -6532), (-149, 321, 4)]
[(-14138, 5921, -6532), (-149, 321, 4)]
[(-14138, 5921, -6532), (-149, 321, 4)]
[(-14128, 5936, -6526), (-223, 372, -8)]
[(-14128, 5936, -6526), (-223, 372, -8)]
[(-14128, 5936, -6526), (-223, 372, -8)]
[(-14128, 5936, -6526), (-223, 372, -8)]
[(-14128, 5936, -6526), (-223, 372, -8)]
[(-14128, 5932, -6518), (-195, 353, -30)]
[(-14128, 5932, -6518), (-195, 353, -30)]
[(-14128, 5932, -6518), (-195, 353, -30)]
[(-14128, 5932, -6518), (-195, 353, -30)]
[(-14128, 5932, -6518), (-195, 353, -30)]
[(-14128, 5932, -6518), (-195, 353, -30)]
[(-14128, 5932, -6518), (-195, 353, -30)]
[(-14160, 5926, -6510), (-268, 355, 12)]
[(-14160, 5926, -6510), (-268, 355, 12)]
[(-14160, 5926, -6510), (-268, 355, 12)]
[(-14160, 5926, -6510), (-268, 355, 12)]
[(-14160, 5926, -6510), (-268, 355, 12)]
[(-14160, 5926, -6510), (-268, 355, 12)]
[(-14159, 5899, -6556), (-381, 591, -44)]
[(-14159, 5899, -6556), (-381, 591, -44)]
[(-14159, 5899, -6556), (-381, 591, -44)]
[(-14159, 5899, -6556), (-381, 591, -44)]
[(-14159, 5899, -6556), (-381, 591, -44)]
[(-14134, 5935, -6638), (-605, 763, -51)]
[(-14134, 5935, -6638), (-605, 763, -51)]
[(-14134, 5935, -6638), (-605, 763, -51)]
[(-14134, 5935, -6638), (-605, 763, -51)]
[(-14134, 5935, -6638), (-605, 763, -51)]
[(-14134, 5935, -6638), (-605, 763, -51)]
[(-14134, 5935, -6638), (-605, 763, -51)]
[(-14134, 5935, -6638), (-605, 763, -51)]
[(-14108, 5932, -6661), (-500, 653, -97)]
[(-14108, 5932, -6661), (-500, 653, -97)]
[(-14108, 5932, -6661), (-500, 653, -97)]
[(-14108, 5932, -6661), (-500, 653, -97)]
[(-14108, 5932, -6661), (-500, 653, -97)]
[(-14096, 5915, -6668), (-241, 348, -118)]
[(-14096, 5915, -6668), (-241, 348, -118)]
[(-14096, 5915, -6668), (-241, 348, -118)]
[(-14096, 5915, -6668), (-241, 348, -118)]
[(-14096, 5915, -6668), (-241, 348, -118)]
[(-14051, 5884, -6603), (147, 88, -82)]
[(-14051, 5884, -6603), (147, 88, -82)]
[(-14051, 5884, -6603), (147, 88, -82)]
[(-14051, 5884, -6603), (147, 88, -82)]
[(-14051, 5884, -6603), (147, 88, -82)]
[(-14051, 5884, -6603), (147, 88, -82)]
[(-14051, 5884, -6603), (147, 88, -82)]
[(-14051, 5884, -6603), (147, 88, -82)]
[(-14115, 5847, -6566), (569, -260, 95)]
[(-14115, 5847, -6566), (569, -260, 95)]
[(-14115, 5847, -6566), (569, -260, 95)]
[(-14115, 5847, -6566), (569, -260, 95)]
[(-14115, 5847, -6566), (569, -260, 95)]
[(-14115, 5847, -6566), (569, -260, 95)]
[(-14115, 5847, -6566), (569, -260, 95)]
[(-14199, 5814, -6532), (448, -142, 141)]
[(-14199, 5814, -6532), (448, -142, 141)]
[(-14199, 5814, -6532), (448, -142, 141)]
[(-14231, 5859, -6509), (335, -109, 343)]
[(-14231, 5859, -6509), (335, -109, 343)]
[(-14231, 5859, -6509), (335, -109, 343)]
[(-14231, 5859, -6509), (335, -109, 343)]
[(-14231, 5859, -6509), (335, -109, 343)]
[(-14231, 5859, -6509), (335, -109, 343)]
[(-14231, 5859, -6509), (335, -109, 343)]
[(-14231, 5859, -6509), (335, -109, 343)]
[(-14231, 5859, -6509), (335, -109, 343)]
[(-14200, 5911, -6503), (217, 91, 459)]
[(-14200, 5911, -6503), (217, 91, 459)]
[(-14200, 5911, -6503), (217, 91, 459)]
[(-14200, 5911, -6503), (217, 91, 459)]
[(-14172, 6022, -6503), (128, 187, 466)]
[(-14172, 6022, -6503), (128, 187, 466)]
[(-14172, 6022, -6503), (128, 187, 466)]
[(-14172, 6022, -6503), (128, 187, 466)]
[(-14172, 6022, -6503), (128, 187, 466)]
[(-14172, 6022, -6503), (128, 187, 466)]
[(-14115, 6076, -6568), (171, 241, 284)]
[(-14115, 6076, -6568), (171, 241, 284)]
[(-14115, 6076, -6568), (171, 241, 284)]
[(-14115, 6076, -6568), (171, 241, 284)]
[(-14115, 6076, -6568), (171, 241, 284)]
[(-14074, 6104, -6628), (90, 320, 91)]
[(-14074, 6104, -6628), (90, 320, 91)]
[(-14074, 6104, -6628), (90, 320, 91)]
[(-14074, 6104, -6628), (90, 320, 91)]
[(-14074, 6104, -6628), (90, 320, 91)]
[(-14070, 6119, -6624), (-242, 358, -49)]
[(-14070, 6119, -6624), (-242, 358, -49)]
[(-14070, 6119, -6624), (-242, 358, -49)]
[(-14070, 6119, -6624), (-242, 358, -49)]
[(-14070, 6119, -6624), (-242, 358, -49)]
[(-14084, 6070, -6618), (-167, 383, -88)]
[(-14084, 6070, -6618), (-167, 383, -88)]
[(-14084, 6070, -6618), (-167, 383, -88)]
[(-14084, 6070, -6618), (-167, 383, -88)]
[(-14084, 6070, -6618), (-167, 383, -88)]
[(-14084, 6070, -6618), (-167, 383, -88)]
[(-14088, 6064, -6636), (-151, 350, -82)]
[(-14088, 6064, -6636), (-151, 350, -82)]
[(-14088, 6064, -6636), (-151, 350, -82)]
[(-14088, 6064, -6636), (-151, 350, -82)]
[(-14088, 6064, -6636), (-151, 350, -82)]
[(-14088, 6064, -6636), (-151, 350, -82)]
[(-14088, 6064, -6636), (-151, 350, -82)]
[(-14083, 6008, -6644), (-158, 271, 17)]
[(-14083, 6008, -6644), (-158, 271, 17)]