[(-14248, 5433, -6848), (-105, 245, -18)]
[(-14269, 5404, -6848), (-119, 269, -16)]
[(-14267, 5409, -6855), (-96, 292, -19)]
[(-14267, 5409, -6855), (-96, 292, -19)]
[(-14267, 5409, -6855), (-96, 292, -19)]
[(-14267, 5409, -6855), (-96, 292, -19)]
[(-14267, 5409, -6855), (-96, 292, -19)]
[(-14262, 5406, -6871), (-105, 289, -10)]
[(-14262, 5406, -6871), (-105, 289, -10)]
[(-14262, 5406, -6871), (-105, 289, -10)]
[(-14262, 5406, -6871), (-105, 289, -10)]
[(-14262, 5406, -6871), (-105, 289, -10)]
[(-14262, 5406, -6871), (-105, 289, -10)]
[(-14277, 5393, -6849), (-118, 296, -3)]
[(-14277, 5393, -6849), (-118, 296, -3)]
[(-14277, 5393, -6849), (-118, 296, -3)]
[(-14277, 5393, -6849), (-118, 296, -3)]
[(-14277, 5393, -6849), (-118, 296, -3)]
[(-14277, 5393, -6849), (-118, 296, -3)]
[(-14277, 5393, -6849), (-118, 296, -3)]
[(-14272, 5407, -6862), (-170, 306, -2)]
[(-14272, 5407, -6862), (-170, 306, -2)]
[(-14272, 5407, -6862), (-170, 306, -2)]
[(-14272, 5407, -6862), (-170, 306, -2)]
[(-14272, 5407, -6862), (-170, 306, -2)]
[(-14272, 5407, -6862), (-170, 306, -2)]
[(-14256, 5401, -6832), (-164, 298, 22)]
[(-14256, 5401, -6832), (-164, 298, 22)]
[(-14256, 5401, -6832), (-164, 298, 22)]
[(-14256, 5401, -6832), (-164, 298, 22)]
[(-14256, 5401, -6832), (-164, 298, 22)]
[(-14258, 5392, -6876), (-232, 400, -4)]
[(-14258, 5392, -6876), (-232, 400, -4)]
[(-14258, 5392, -6876), (-232, 400, -4)]
[(-14258, 5392, -6876), (-232, 400, -4)]
[(-14258, 5392, -6876), (-232, 400, -4)]
[(-14258, 5392, -6876), (-232, 400, -4)]
[(-14258, 5392, -6876), (-232, 400, -4)]
[(-14229, 5436, -6912), (-371, 604, -51)]
[(-14229, 5436, -6912), (-371, 604, -51)]
[(-14229, 5436, -6912), (-371, 604, -51)]
[(-14229, 5436, -6912), (-371, 604, -51)]
[(-14229, 5436, -6912), (-371, 604, -51)]
[(-14198, 5446, -6963), (-355, 494, -49)]
[(-14198, 5446, -6963), (-355, 494, -49)]
[(-14198, 5446, -6963), (-355, 494, -49)]
[(-14198, 5446, -6963), (-355, 494, -49)]
[(-14198, 5446, -6963), (-355, 494, -49)]
[(-14198, 5446, -6963), (-355, 494, -49)]
[(-14166, 5412, -6921), (-324, 533, -53)]
[(-14166, 5412, -6921), (-324, 533, -53)]
[(-14166, 5412, -6921), (-324, 533, -53)]
[(-14166, 5412, -6921), (-324, 533, -53)]
[(-14166, 5412, -6921), (-324, 533, -53)]
[(-14169, 5403, -6959), (-270, 448, -94)]
[(-14169, 5403, -6959), (-270, 448, -94)]
[(-14169, 5403, -6959), (-270, 448, -94)]
[(-14169, 5403, -6959), (-270, 448, -94)]
[(-14169, 5403, -6959), (-270, 448, -94)]
[(-14169, 5403, -6959), (-270, 448, -94)]
[(-14169, 5403, -6959), (-270, 448, -94)]
[(-14183, 5381, -6988), (-194, 323, -62)]
[(-14183, 5381, -6988), (-194, 323, -62)]
[(-14183, 5381, -6988), (-194, 323, -62)]
[(-14183, 5381, -6988), (-194, 323, -62)]
[(-14183, 5381, -6988), (-194, 323, -62)]
[(-14183, 5381, -6988), (-194, 323, -62)]
[(-14186, 5346, -6986), (-34, 154, -31)]
[(-14186, 5346, -6986), (-34, 154, -31)]
[(-14186, 5346, -6986), (-34, 154, -31)]
[(-14186, 5346, -6986), (-34, 154, -31)]
[(-14186, 5346, -6986), (-34, 154, -31)]
[(-14189, 5336, -6964), (247, -92, 85)]
[(-14189, 5336, -6964), (247, -92, 85)]
[(-14189, 5336, -6964), (247, -92, 85)]
[(-14189, 5336, -6964), (247, -92, 85)]
[(-14189, 5336, -6964), (247, -92, 85)]
[(-14189, 5336, -6964), (247, -92, 85)]
[(-14189, 5336, -6964), (247, -92, 85)]
[(-14200, 5295, -6935), (385, -12, 216)]
[(-14200, 5295, -6935), (385, -12, 216)]
[(-14200, 5295, -6935), (385, -12, 216)]
[(-14200, 5295, -6935), (385, -12, 216)]
[(-14200, 5295, -6935), (385, -12, 216)]
[(-14200, 5295, -6935), (385, -12, 216)]
[(-14224, 5324, -6886), (242, 89, 229)]
[(-14224, 5324, -6886), (242, 89, 229)]
[(-14224, 5324, -6886), (242, 89, 229)]
[(-14224, 5324, -6886), (242, 89, 229)]
[(-14224, 5324, -6886), (242, 89, 229)]
[(-14189, 5346, -6823), (158, 155, 257)]
[(-14189, 5346, -6823), (158, 155, 257)]
[(-14189, 5346, -6823), (158, 155, 257)]
[(-14189, 5346, -6823), (158, 155, 257)]
[(-14189, 5346, -6823), (158, 155, 257)]
[(-14189, 5346, -6823), (158, 155, 257)]
[(-14189, 5346, -6823), (158, 155, 257)]
[(-14201, 5395, -6801), (143, 216, 212)]
[(-14201, 5395, -6801), (143, 216, 212)]
[(-14201, 5395, -6801), (143, 216, 212)]
[(-14201, 5395, -6801), (143, 216, 212)]
[(-14201, 5395, -6801), (143, 216, 212)]
[(-14201, 5395, -6801), (143, 216, 212)]
[(-14192, 5429, -6780), (132, 264, 126)]
[(-14192, 5429, -6780), (132, 264, 126)]
[(-14192, 5429, -6780), (132, 264, 126)]
[(-14192, 5429, -6780), (132, 264, 126)]
[(-14192, 5429, -6780), (132, 264, 126)]
[(-14204, 5392, -6816), (141, 296, 6)]
[(-14204, 5392, -6816), (141, 296, 6)]
[(-14204, 5392, -6816), (141, 296, 6)]
[(-14204, 5392, -6816), (141, 296, 6)]
[(-14204, 5392, -6816), (141, 296, 6)]
[(-14204, 5392, -6816), (141, 296, 6)]
[(-14204, 5392, -6816), (141, 296, 6)]
[(-14198, 5332, -6873), (-61, 444, -76)]
[(-14198, 5332, -6873), (-61, 444, -76)]
[(-14198, 5332, -6873), (-61, 444, -76)]
[(-14198, 5332, -6873), (-61, 444, -76)]
[(-14198, 5332, -6873), (-61, 444, -76)]
[(-14198, 5332, -6873), (-61, 444, -76)]
[(-14196, 5402, -6841), (-351, 395, -38)]
[(-14196, 5402, -6841), (-351, 395, -38)]
[(-14196, 5402, -6841), (-351, 395, -38)]
[(-14196, 5402, -6841), (-351, 395, -38)]
[(-14227, 5366, -6808), (-337, 360, -125)]
[(-14227, 5366, -6808), (-337, 360, -125)]
[(-14227, 5366, -6808), (-337, 360, -125)]
[(-14227, 5366, -6808), (-337, 360, -125)]
[(-14227, 5366, -6808), (-337, 360, -125)]
[(-14227, 5366, -6808), (-337, 360, -125)]
[(-14227, 5366, -6808), (-337, 360, -125)]
[(-14256, 5376, -6784), (-226, 326, -84)]
[(-14256, 5376, -6784), (-226, 326, -84)]
[(-14256, 5376, -6784), (-226, 326, -84)]
[(-14256, 5376, -6784), (-226, 326, -84)]
[(-14256, 5376, -6784), (-226, 326, -84)]
[(-14256, 5376, -6784), (-226, 326, -84)]
[(-14244, 5400, -6772), (-295, 334, -81)]
[(-14244, 5400, -6772), (-295, 334, -81)]
[(-14244, 5400, -6772), (-295, 334, -81)]
[(-14244, 5400, -6772), (-295, 334, -81)]
[(-14244, 5400, -6772), (-295, 334, -81)]
[(-14257, 5379, -6744), (-259, 326, -50)]
[(-14257, 5379, -6744), (-259, 326, -50)]
[(-14257, 5379, -6744), (-259, 326, -50)]
[(-14257, 5379, -6744), (-259, 326, -50)]
[(-14257, 5379, -6744), (-259, 326, -50)]
[(-14257, 5379, -6744), (-259, 326, -50)]