[(-14101, 5459, -7024), (-270, 281, 106)]
[(-14110, 5526, -6971), (-150, 286, 59)]
[(-14110, 5526, -6971), (-150, 286, 59)]
[(-14110, 5526, -6971), (-150, 286, 59)]
[(-14110, 5526, -6971), (-150, 286, 59)]
[(-14110, 5526, -6971), (-150, 286, 59)]
[(-14100, 5536, -6990), (-190, 281, -5)]
[(-14100, 5536, -6990), (-190, 281, -5)]
[(-14100, 5536, -6990), (-190, 281, -5)]
[(-14100, 5536, -6990), (-190, 281, -5)]
[(-14100, 5536, -6990), (-190, 281, -5)]
[(-14100, 5536, -6990), (-190, 281, -5)]
[(-14100, 5536, -6990), (-190, 281, -5)]
[(-14136, 5556, -6973), (-190, 221, 34)]
[(-14136, 5556, -6973), (-190, 221, 34)]
[(-14136, 5556, -6973), (-190, 221, 34)]
[(-14136, 5556, -6973), (-190, 221, 34)]
[(-14136, 5556, -6973), (-190, 221, 34)]
[(-14136, 5556, -6973), (-190, 221, 34)]
[(-14125, 5512, -6972), (-169, 242, -39)]
[(-14125, 5512, -6972), (-169, 242, -39)]
[(-14125, 5512, -6972), (-169, 242, -39)]
[(-14125, 5512, -6972), (-169, 242, -39)]
[(-14125, 5512, -6972), (-169, 242, -39)]
[(-14129, 5509, -6980), (-130, 272, -26)]
[(-14129, 5509, -6980), (-130, 272, -26)]
[(-14129, 5509, -6980), (-130, 272, -26)]
[(-14129, 5509, -6980), (-130, 272, -26)]
[(-14129, 5509, -6980), (-130, 272, -26)]
[(-14129, 5509, -6980), (-130, 272, -26)]
[(-14129, 5509, -6980), (-130, 272, -26)]
[(-14103, 5476, -7024), (-199, 335, -70)]
[(-14103, 5476, -7024), (-199, 335, -70)]
[(-14103, 5476, -7024), (-199, 335, -70)]
[(-14103, 5476, -7024), (-199, 335, -70)]
[(-14103, 5476, -7024), (-199, 335, -70)]
[(-14103, 5476, -7024), (-199, 335, -70)]
[(-14089, 5451, -7050), (-271, 446, -97)]
[(-14089, 5451, -7050), (-271, 446, -97)]
[(-14089, 5451, -7050), (-271, 446, -97)]
[(-14089, 5451, -7050), (-271, 446, -97)]
[(-14089, 5451, -7050), (-271, 446, -97)]
[(-14089, 5451, -7050), (-271, 446, -97)]
[(-14089, 5451, -7050), (-271, 446, -97)]
[(-14111, 5456, -7070), (-349, 582, -108)]
[(-14111, 5456, -7070), (-349, 582, -108)]
[(-14111, 5456, -7070), (-349, 582, -108)]
[(-14082, 5450, -7092), (-467, 654, -113)]
[(-14082, 5450, -7092), (-467, 654, -113)]
[(-14082, 5450, -7092), (-467, 654, -113)]
[(-14082, 5450, -7092), (-467, 654, -113)]
[(-14082, 5450, -7092), (-467, 654, -113)]
[(-14082, 5450, -7092), (-467, 654, -113)]
[(-14082, 5450, -7092), (-467, 654, -113)]
[(-14082, 5450, -7092), (-467, 654, -113)]
[(-14082, 5450, -7092), (-467, 654, -113)]
[(-14061, 5454, -7148), (-400, 566, -118)]
[(-14061, 5454, -7148), (-400, 566, -118)]
[(-14061, 5454, -7148), (-400, 566, -118)]
[(-14061, 5454, -7148), (-400, 566, -118)]
[(-14085, 5465, -7152), (-168, 388, -101)]
[(-14085, 5465, -7152), (-168, 388, -101)]
[(-14085, 5465, -7152), (-168, 388, -101)]
[(-14085, 5465, -7152), (-168, 388, -101)]
[(-14085, 5465, -7152), (-168, 388, -101)]
[(-14109, 5443, -7053), (93, 58, -58)]
[(-14109, 5443, -7053), (93, 58, -58)]
[(-14109, 5443, -7053), (93, 58, -58)]
[(-14109, 5443, -7053), (93, 58, -58)]
[(-14109, 5443, -7053), (93, 58, -58)]
[(-14109, 5443, -7053), (93, 58, -58)]
[(-14109, 5443, -7053), (93, 58, -58)]
[(-14109, 5443, -7053), (93, 58, -58)]
[(-14118, 5411, -7058), (191, 13, 9)]
[(-14118, 5411, -7058), (191, 13, 9)]
[(-14118, 5411, -7058), (191, 13, 9)]
[(-14118, 5411, -7058), (191, 13, 9)]
[(-14118, 5411, -7058), (191, 13, 9)]
[(-14140, 5366, -7051), (130, 97, 93)]
[(-14140, 5366, -7051), (130, 97, 93)]
[(-14140, 5366, -7051), (130, 97, 93)]
[(-14140, 5366, -7051), (130, 97, 93)]
[(-14140, 5366, -7051), (130, 97, 93)]
[(-14129, 5368, -7051), (113, -17, 210)]
[(-14129, 5368, -7051), (113, -17, 210)]
[(-14129, 5368, -7051), (113, -17, 210)]
[(-14129, 5368, -7051), (113, -17, 210)]
[(-14129, 5368, -7051), (113, -17, 210)]
[(-14129, 5368, -7051), (113, -17, 210)]
[(-14129, 5368, -7051), (113, -17, 210)]
[(-14129, 5368, -7051), (113, -17, 210)]
[(-14131, 5424, -7055), (-34, 114, 292)]
[(-14131, 5424, -7055), (-34, 114, 292)]
[(-14131, 5424, -7055), (-34, 114, 292)]
[(-14131, 5424, -7055), (-34, 114, 292)]
[(-14131, 5424, -7055), (-34, 114, 292)]
[(-14097, 5494, -7023), (-123, 199, 279)]
[(-14097, 5494, -7023), (-123, 199, 279)]
[(-14097, 5494, -7023), (-123, 199, 279)]
[(-14097, 5494, -7023), (-123, 199, 279)]
[(-14097, 5494, -7023), (-123, 199, 279)]
[(-14079, 5600, -6997), (-108, 206, 264)]
[(-14079, 5600, -6997), (-108, 206, 264)]
[(-14079, 5600, -6997), (-108, 206, 264)]
[(-14079, 5600, -6997), (-108, 206, 264)]
[(-14079, 5600, -6997), (-108, 206, 264)]
[(-14079, 5600, -6997), (-108, 206, 264)]
[(-14079, 5600, -6997), (-108, 206, 264)]
[(-14079, 5600, -6997), (-108, 206, 264)]
[(-14067, 5596, -7055), (-73, 387, 75)]
[(-14067, 5596, -7055), (-73, 387, 75)]
[(-14067, 5596, -7055), (-73, 387, 75)]
[(-14067, 5596, -7055), (-73, 387, 75)]
[(-14066, 5722, -7039), (-271, 256, 49)]
[(-14066, 5722, -7039), (-271, 256, 49)]
[(-14066, 5722, -7039), (-271, 256, 49)]
[(-14066, 5722, -7039), (-271, 256, 49)]
[(-14066, 5722, -7039), (-271, 256, 49)]
[(-14079, 5557, -7000), (-392, 275, -195)]
[(-14079, 5557, -7000), (-392, 275, -195)]
[(-14079, 5557, -7000), (-392, 275, -195)]
[(-14079, 5557, -7000), (-392, 275, -195)]
[(-14079, 5557, -7000), (-392, 275, -195)]
[(-14079, 5557, -7000), (-392, 275, -195)]
[(-14079, 5557, -7000), (-392, 275, -195)]
[(-14079, 5557, -7000), (-392, 275, -195)]
[(-14128, 5480, -6981), (-179, 268, -209)]
[(-14128, 5480, -6981), (-179, 268, -209)]
[(-14128, 5480, -6981), (-179, 268, -209)]
[(-14128, 5480, -6981), (-179, 268, -209)]
[(-14128, 5480, -6981), (-179, 268, -209)]
[(-14140, 5485, -6956), (-179, 273, -175)]
[(-14140, 5485, -6956), (-179, 273, -175)]
[(-14140, 5485, -6956), (-179, 273, -175)]
[(-14140, 5485, -6956), (-179, 273, -175)]
[(-14140, 5485, -6956), (-179, 273, -175)]