[(-14073, 7506, -4412), (-208, 373, 27)]
[(-14079, 7494, -4392), (-135, 407, 33)]
[(-14079, 7494, -4392), (-135, 407, 33)]
[(-14079, 7494, -4392), (-135, 407, 33)]
[(-14079, 7494, -4392), (-135, 407, 33)]
[(-14079, 7494, -4392), (-135, 407, 33)]
[(-14079, 7494, -4392), (-135, 407, 33)]
[(-14065, 7463, -4388), (-102, 354, 31)]
[(-14065, 7463, -4388), (-102, 354, 31)]
[(-14065, 7463, -4388), (-102, 354, 31)]
[(-14065, 7463, -4388), (-102, 354, 31)]
[(-14065, 7463, -4388), (-102, 354, 31)]
[(-14065, 7463, -4388), (-102, 354, 31)]
[(-14065, 7463, -4388), (-102, 354, 31)]
[(-14077, 7486, -4388), (-71, 349, 59)]
[(-14077, 7486, -4388), (-71, 349, 59)]
[(-14077, 7486, -4388), (-71, 349, 59)]
[(-14077, 7486, -4388), (-71, 349, 59)]
[(-14077, 7486, -4388), (-71, 349, 59)]
[(-14072, 7508, -4399), (-70, 361, 48)]
[(-14072, 7508, -4399), (-70, 361, 48)]
[(-14072, 7508, -4399), (-70, 361, 48)]
[(-14072, 7508, -4399), (-70, 361, 48)]
[(-14072, 7508, -4399), (-70, 361, 48)]
[(-14072, 7508, -4399), (-70, 361, 48)]
[(-14045, 7520, -4414), (-115, 393, 48)]
[(-14045, 7520, -4414), (-115, 393, 48)]
[(-14045, 7520, -4414), (-115, 393, 48)]
[(-14045, 7520, -4414), (-115, 393, 48)]
[(-14045, 7520, -4414), (-115, 393, 48)]
[(-14045, 7520, -4414), (-115, 393, 48)]
[(-14045, 7520, -4414), (-115, 393, 48)]
[(-14022, 7567, -4396), (-166, 351, 53)]
[(-14022, 7567, -4396), (-166, 351, 53)]
[(-14022, 7567, -4396), (-166, 351, 53)]
[(-14022, 7567, -4396), (-166, 351, 53)]
[(-14022, 7567, -4396), (-166, 351, 53)]
[(-14017, 7580, -4395), (-196, 327, 48)]
[(-14017, 7580, -4395), (-196, 327, 48)]
[(-14017, 7580, -4395), (-196, 327, 48)]
[(-14017, 7580, -4395), (-196, 327, 48)]
[(-14017, 7580, -4395), (-196, 327, 48)]
[(-14017, 7580, -4395), (-196, 327, 48)]
[(-14024, 7572, -4389), (-189, 334, 33)]
[(-14024, 7572, -4389), (-189, 334, 33)]
[(-14024, 7572, -4389), (-189, 334, 33)]
[(-14024, 7572, -4389), (-189, 334, 33)]
[(-14024, 7572, -4389), (-189, 334, 33)]
[(-14024, 7572, -4389), (-189, 334, 33)]
[(-14024, 7572, -4389), (-189, 334, 33)]
[(-14024, 7572, -4389), (-189, 334, 33)]
[(-14024, 7572, -4389), (-189, 334, 33)]
[(-14032, 7594, -4361), (-178, 321, 20)]
[(-14032, 7594, -4361), (-178, 321, 20)]
[(-14032, 7594, -4361), (-178, 321, 20)]
[(-14021, 7601, -4349), (-188, 320, 22)]
[(-14021, 7601, -4349), (-188, 320, 22)]
[(-14021, 7601, -4349), (-188, 320, 22)]
[(-14021, 7601, -4349), (-188, 320, 22)]
[(-14021, 7601, -4349), (-188, 320, 22)]
[(-14021, 7601, -4349), (-188, 320, 22)]
[(-14036, 7572, -4362), (-155, 346, 35)]
[(-14036, 7572, -4362), (-155, 346, 35)]
[(-14036, 7572, -4362), (-155, 346, 35)]
[(-14036, 7572, -4362), (-155, 346, 35)]
[(-14036, 7572, -4362), (-155, 346, 35)]
[(-14033, 7594, -4361), (-136, 354, 45)]
[(-14033, 7594, -4361), (-136, 354, 45)]
[(-14033, 7594, -4361), (-136, 354, 45)]
[(-14033, 7594, -4361), (-136, 354, 45)]
[(-14033, 7594, -4361), (-136, 354, 45)]
[(-14033, 7594, -4361), (-136, 354, 45)]
[(-14033, 7594, -4361), (-136, 354, 45)]
[(-14024, 7576, -4379), (-145, 357, 31)]
[(-14024, 7576, -4379), (-145, 357, 31)]
[(-14024, 7576, -4379), (-145, 357, 31)]
[(-14024, 7576, -4379), (-145, 357, 31)]
[(-14024, 7576, -4379), (-145, 357, 31)]
[(-14024, 7576, -4379), (-145, 357, 31)]
[(-14024, 7591, -4372), (-134, 343, 22)]
[(-14024, 7591, -4372), (-134, 343, 22)]
[(-14024, 7591, -4372), (-134, 343, 22)]
[(-14024, 7591, -4372), (-134, 343, 22)]
[(-14024, 7591, -4372), (-134, 343, 22)]
[(-14039, 7565, -4380), (-137, 340, 15)]
[(-14039, 7565, -4380), (-137, 340, 15)]
[(-14039, 7565, -4380), (-137, 340, 15)]
[(-14039, 7565, -4380), (-137, 340, 15)]
[(-14039, 7565, -4380), (-137, 340, 15)]
[(-14039, 7565, -4380), (-137, 340, 15)]
[(-14039, 7565, -4380), (-137, 340, 15)]
[(-14024, 7563, -4373), (-161, 343, 16)]
[(-14024, 7563, -4373), (-161, 343, 16)]
[(-14024, 7563, -4373), (-161, 343, 16)]
[(-14024, 7563, -4373), (-161, 343, 16)]
[(-14024, 7563, -4373), (-161, 343, 16)]
[(-14024, 7563, -4373), (-161, 343, 16)]
[(-14032, 7592, -4361), (-170, 340, 20)]
[(-14032, 7592, -4361), (-170, 340, 20)]
[(-14032, 7592, -4361), (-170, 340, 20)]
[(-14032, 7592, -4361), (-170, 340, 20)]
[(-14015, 7609, -4349), (-139, 329, 10)]
[(-14015, 7609, -4349), (-139, 329, 10)]
[(-14015, 7609, -4349), (-139, 329, 10)]
[(-14015, 7609, -4349), (-139, 329, 10)]
[(-14015, 7609, -4349), (-139, 329, 10)]
[(-14015, 7609, -4349), (-139, 329, 10)]
[(-14015, 7609, -4349), (-139, 329, 10)]
[(-13980, 7628, -4336), (-135, 323, 4)]
[(-13980, 7628, -4336), (-135, 323, 4)]
[(-13980, 7628, -4336), (-135, 323, 4)]
[(-13980, 7628, -4336), (-135, 323, 4)]
[(-13980, 7628, -4336), (-135, 323, 4)]
[(-13980, 7628, -4336), (-135, 323, 4)]
[(-13984, 7616, -4346), (-122, 325, 5)]
[(-13984, 7616, -4346), (-122, 325, 5)]
[(-13984, 7616, -4346), (-122, 325, 5)]
[(-13984, 7616, -4346), (-122, 325, 5)]
[(-13984, 7616, -4346), (-122, 325, 5)]
[(-13973, 7630, -4374), (-107, 336, 7)]
[(-13973, 7630, -4374), (-107, 336, 7)]
[(-13973, 7630, -4374), (-107, 336, 7)]
[(-13973, 7630, -4374), (-107, 336, 7)]