[(-15564, -1876, -4929), (-57, 200, 41)]
[(-15556, -1862, -4955), (-61, 196, 45)]
[(-15556, -1862, -4955), (-61, 196, 45)]
[(-15556, -1862, -4955), (-61, 196, 45)]
[(-15570, -1905, -4975), (-88, 170, 39)]
[(-15570, -1905, -4975), (-88, 170, 39)]
[(-15570, -1905, -4975), (-88, 170, 39)]
[(-15570, -1905, -4975), (-88, 170, 39)]
[(-15570, -1905, -4975), (-88, 170, 39)]
[(-15533, -1898, -4980), (-62, 134, 17)]
[(-15533, -1898, -4980), (-62, 134, 17)]
[(-15533, -1898, -4980), (-62, 134, 17)]
[(-15533, -1898, -4980), (-62, 134, 17)]
[(-15533, -1898, -4980), (-62, 134, 17)]
[(-15533, -1898, -4980), (-62, 134, 17)]
[(-15533, -1898, -4980), (-62, 134, 17)]
[(-15540, -1897, -4987), (-27, 115, -5)]
[(-15540, -1897, -4987), (-27, 115, -5)]
[(-15540, -1897, -4987), (-27, 115, -5)]
[(-15540, -1897, -4987), (-27, 115, -5)]
[(-15540, -1897, -4987), (-27, 115, -5)]
[(-15540, -1897, -4987), (-27, 115, -5)]
[(-15546, -1918, -4996), (148, 17, -48)]
[(-15546, -1918, -4996), (148, 17, -48)]
[(-15546, -1918, -4996), (148, 17, -48)]
[(-15546, -1918, -4996), (148, 17, -48)]
[(-15546, -1918, -4996), (148, 17, -48)]
[(-15543, -1899, -4961), (139, 84, -139)]
[(-15543, -1899, -4961), (139, 84, -139)]
[(-15543, -1899, -4961), (139, 84, -139)]
[(-15543, -1899, -4961), (139, 84, -139)]
[(-15543, -1899, -4961), (139, 84, -139)]
[(-15543, -1899, -4961), (139, 84, -139)]
[(-15557, -1921, -4911), (111, 92, -133)]
[(-15557, -1921, -4911), (111, 92, -133)]
[(-15557, -1921, -4911), (111, 92, -133)]
[(-15557, -1921, -4911), (111, 92, -133)]
[(-15557, -1921, -4911), (111, 92, -133)]
[(-15560, -2070, -4940), (107, 367, -172)]
[(-15560, -2070, -4940), (107, 367, -172)]
[(-15560, -2070, -4940), (107, 367, -172)]
[(-15560, -2070, -4940), (107, 367, -172)]
[(-15560, -2070, -4940), (107, 367, -172)]
[(-15560, -2070, -4940), (107, 367, -172)]
[(-15560, -2070, -4940), (107, 367, -172)]
[(-15581, -2030, -4971), (-1, 280, -292)]
[(-15581, -2030, -4971), (-1, 280, -292)]
[(-15581, -2030, -4971), (-1, 280, -292)]
[(-15581, -2030, -4971), (-1, 280, -292)]
[(-15581, -2030, -4971), (-1, 280, -292)]
[(-15581, -2030, -4971), (-1, 280, -292)]
[(-15610, -2094, -4960), (-148, 210, -200)]
[(-15610, -2094, -4960), (-148, 210, -200)]
[(-15610, -2094, -4960), (-148, 210, -200)]
[(-15610, -2094, -4960), (-148, 210, -200)]
[(-15610, -2094, -4960), (-148, 210, -200)]
[(-15607, -2111, -4975), (-339, 197, -136)]
[(-15607, -2111, -4975), (-339, 197, -136)]
[(-15607, -2111, -4975), (-339, 197, -136)]
[(-15607, -2111, -4975), (-339, 197, -136)]
[(-15607, -2111, -4975), (-339, 197, -136)]
[(-15607, -2111, -4975), (-339, 197, -136)]
[(-15607, -2111, -4975), (-339, 197, -136)]
[(-15596, -2125, -4947), (-409, 155, -4)]
[(-15596, -2125, -4947), (-409, 155, -4)]
[(-15596, -2125, -4947), (-409, 155, -4)]
[(-15596, -2125, -4947), (-409, 155, -4)]
[(-15596, -2125, -4947), (-409, 155, -4)]
[(-15596, -2125, -4947), (-409, 155, -4)]
[(-15586, -2087, -4985), (-424, 212, 1)]
[(-15586, -2087, -4985), (-424, 212, 1)]
[(-15586, -2087, -4985), (-424, 212, 1)]
[(-15586, -2087, -4985), (-424, 212, 1)]
[(-15586, -2087, -4985), (-424, 212, 1)]
[(-15586, -2087, -4985), (-424, 212, 1)]
[(-15586, -2087, -4985), (-424, 212, 1)]
[(-15582, -2045, -4924), (-361, 208, 40)]
[(-15582, -2045, -4924), (-361, 208, 40)]
[(-15582, -2045, -4924), (-361, 208, 40)]
[(-15582, -2045, -4924), (-361, 208, 40)]
[(-15582, -2045, -4924), (-361, 208, 40)]
[(-15557, -2032, -4928), (-282, 190, 49)]
[(-15557, -2032, -4928), (-282, 190, 49)]
[(-15557, -2032, -4928), (-282, 190, 49)]
[(-15557, -2032, -4928), (-282, 190, 49)]
[(-15557, -2032, -4928), (-282, 190, 49)]
[(-15557, -2032, -4928), (-282, 190, 49)]
[(-15560, -2008, -4915), (-218, 198, 47)]
[(-15560, -2008, -4915), (-218, 198, 47)]
[(-15560, -2008, -4915), (-218, 198, 47)]
[(-15560, -2008, -4915), (-218, 198, 47)]
[(-15560, -2008, -4915), (-218, 198, 47)]
[(-15570, -2000, -4912), (-174, 251, -2)]
[(-15570, -2000, -4912), (-174, 251, -2)]
[(-15570, -2000, -4912), (-174, 251, -2)]
[(-15570, -2000, -4912), (-174, 251, -2)]
[(-15570, -2000, -4912), (-174, 251, -2)]
[(-15570, -2000, -4912), (-174, 251, -2)]
[(-15570, -2000, -4912), (-174, 251, -2)]
[(-15552, -2058, -4906), (-123, 182, -15)]
[(-15552, -2058, -4906), (-123, 182, -15)]
[(-15552, -2058, -4906), (-123, 182, -15)]
[(-15552, -2058, -4906), (-123, 182, -15)]
[(-15552, -2058, -4906), (-123, 182, -15)]
[(-15540, -2061, -4873), (-121, 176, -19)]
[(-15540, -2061, -4873), (-121, 176, -19)]
[(-15540, -2061, -4873), (-121, 176, -19)]
[(-15540, -2061, -4873), (-121, 176, -19)]
[(-15540, -2061, -4873), (-121, 176, -19)]
[(-15556, -2068, -4903), (-47, 170, -1)]
[(-15556, -2068, -4903), (-47, 170, -1)]
[(-15556, -2068, -4903), (-47, 170, -1)]
[(-15556, -2068, -4903), (-47, 170, -1)]
[(-15556, -2068, -4903), (-47, 170, -1)]
[(-15556, -2068, -4903), (-47, 170, -1)]
[(-15556, -2068, -4903), (-47, 170, -1)]
[(-15555, -2053, -4929), (-73, 160, 0)]
[(-15555, -2053, -4929), (-73, 160, 0)]
[(-15555, -2053, -4929), (-73, 160, 0)]
[(-15555, -2053, -4929), (-73, 160, 0)]
[(-15555, -2053, -4929), (-73, 160, 0)]
[(-15555, -2053, -4929), (-73, 160, 0)]
[(-15605, -2040, -4868), (-128, 164, -5)]
[(-15605, -2040, -4868), (-128, 164, -5)]
[(-15605, -2040, -4868), (-128, 164, -5)]
[(-15605, -2040, -4868), (-128, 164, -5)]
[(-15605, -2040, -4868), (-128, 164, -5)]