[(5659, 15120, 2217), (-96, 72, 47)]
[(5680, 15122, 2143), (-127, 66, 56)]
[(5680, 15122, 2143), (-127, 66, 56)]
[(5680, 15122, 2143), (-127, 66, 56)]
[(5680, 15114, 2155), (-134, 58, 40)]
[(5680, 15114, 2155), (-134, 58, 40)]
[(5680, 15114, 2155), (-134, 58, 40)]
[(5680, 15114, 2155), (-134, 58, 40)]
[(5688, 15124, 2171), (-149, 43, 13)]
[(5688, 15124, 2171), (-149, 43, 13)]
[(5669, 15130, 2188), (-148, 45, 8)]
[(5669, 15130, 2188), (-148, 45, 8)]
[(5669, 15130, 2188), (-148, 45, 8)]
[(5649, 15100, 2200), (-153, 47, 10)]
[(5649, 15100, 2200), (-153, 47, 10)]
[(5649, 15100, 2200), (-153, 47, 10)]
[(5649, 15100, 2200), (-153, 47, 10)]
[(5633, 15120, 2192), (-165, 32, 13)]
[(5633, 15120, 2192), (-165, 32, 13)]
[(5626, 15144, 2183), (-21, 112, -21)]
[(5626, 15144, 2183), (-21, 112, -21)]
[(5626, 15144, 2183), (-21, 112, -21)]
[(5633, 15153, 2186), (-17, 107, -47)]
[(5633, 15153, 2186), (-17, 107, -47)]
[(5633, 15153, 2186), (-17, 107, -47)]
[(5633, 15153, 2186), (-17, 107, -47)]
[(5656, 15139, 2208), (-23, 104, -21)]
[(5656, 15139, 2208), (-23, 104, -21)]
[(5660, 15147, 2184), (-43, 74, -26)]
[(5660, 15147, 2184), (-43, 74, -26)]
[(5660, 15147, 2184), (-43, 74, -26)]
[(5656, 15134, 2192), (-149, -10, -54)]
[(5656, 15134, 2192), (-149, -10, -54)]
[(5656, 15134, 2192), (-149, -10, -54)]
[(5656, 15134, 2192), (-149, -10, -54)]
[(5623, 15114, 2289), (-872, 237, -271)]
[(5623, 15114, 2289), (-872, 237, -271)]
[(5489, 15076, 2333), (-833, -221, -124)]
[(5489, 15076, 2333), (-833, -221, -124)]
[(5489, 15076, 2333), (-833, -221, -124)]
[(5444, 15141, 2333), (-737, -342, -131)]
[(5444, 15141, 2333), (-737, -342, -131)]
[(5444, 15141, 2333), (-737, -342, -131)]
[(5444, 15141, 2333), (-737, -342, -131)]
[(5474, 15132, 2332), (-557, -259, -102)]
[(5474, 15132, 2332), (-557, -259, -102)]
[(5489, 15130, 2440), (-463, 31, -59)]
[(5489, 15130, 2440), (-463, 31, -59)]
[(5489, 15130, 2440), (-463, 31, -59)]
[(5480, 15097, 2196), (-82, 75, 48)]
[(5480, 15097, 2196), (-82, 75, 48)]
[(5480, 15097, 2196), (-82, 75, 48)]
[(5480, 15097, 2196), (-82, 75, 48)]
[(5455, 15124, 2232), (13, 7, 107)]
[(5455, 15124, 2232), (13, 7, 107)]
[(5456, 15149, 2226), (0, 29, 87)]
[(5456, 15149, 2226), (0, 29, 87)]
[(5456, 15149, 2226), (0, 29, 87)]
[(5466, 15140, 2232), (-24, 66, 83)]
[(5466, 15140, 2232), (-24, 66, 83)]
[(5466, 15140, 2232), (-24, 66, 83)]
[(5466, 15140, 2232), (-24, 66, 83)]
[(5478, 15136, 2206), (-58, 76, 64)]
[(5478, 15136, 2206), (-58, 76, 64)]
[(5509, 15144, 2205), (-97, 82, 57)]
[(5509, 15144, 2205), (-97, 82, 57)]
[(5509, 15144, 2205), (-97, 82, 57)]
[(5512, 15155, 2174), (-116, 95, 58)]
[(5512, 15155, 2174), (-116, 95, 58)]
[(5512, 15155, 2174), (-116, 95, 58)]
[(5512, 15155, 2174), (-116, 95, 58)]
[(5520, 15141, 2200), (-149, 72, 67)]
[(5520, 15141, 2200), (-149, 72, 67)]
[(5549, 15137, 2189), (-173, 58, 90)]
[(5549, 15137, 2189), (-173, 58, 90)]
[(5549, 15137, 2189), (-173, 58, 90)]
[(5566, 15130, 2172), (-37, 183, 48)]
[(5566, 15130, 2172), (-37, 183, 48)]
[(5570, 15101, 2220), (-43, 229, 27)]
[(5570, 15101, 2220), (-43, 229, 27)]
[(5570, 15101, 2220), (-43, 229, 27)]
[(5570, 15101, 2220), (-43, 229, 27)]
[(5609, 15088, 2233), (-63, 212, 44)]
[(5609, 15088, 2233), (-63, 212, 44)]
[(5609, 15088, 2233), (-63, 212, 44)]
[(5614, 15089, 2212), (-87, 169, 32)]
[(5614, 15089, 2212), (-87, 169, 32)]
[(5616, 15088, 2253), (-106, 153, 32)]
[(5616, 15088, 2253), (-106, 153, 32)]
[(5616, 15088, 2253), (-106, 153, 32)]
[(5616, 15088, 2253), (-106, 153, 32)]
[(5615, 15093, 2322), (-106, 141, 26)]
[(5615, 15093, 2322), (-106, 141, 26)]
[(5611, 15096, 2314), (-118, 143, 4)]
[(5611, 15096, 2314), (-118, 143, 4)]
[(5602, 15093, 2312), (-117, 112, 6)]
[(5602, 15093, 2312), (-117, 112, 6)]
[(5602, 15093, 2312), (-117, 112, 6)]
[(5602, 15093, 2312), (-117, 112, 6)]
[(5568, 15104, 2288), (-111, 97, 14)]
[(5568, 15104, 2288), (-111, 97, 14)]
[(5568, 15104, 2288), (-111, 97, 14)]
[(5554, 15103, 2273), (-128, 94, 37)]
[(5554, 15103, 2273), (-128, 94, 37)]
[(5572, 15105, 2253), (-149, 83, 46)]
[(5572, 15105, 2253), (-149, 83, 46)]
[(5572, 15105, 2253), (-149, 83, 46)]
[(5572, 15105, 2253), (-149, 83, 46)]
[(5596, 15100, 2267), (-163, 71, 57)]
[(5596, 15100, 2267), (-163, 71, 57)]
[(5596, 15100, 2267), (-163, 71, 57)]
[(5588, 15117, 2248), (-174, 46, 72)]
[(5588, 15117, 2248), (-174, 46, 72)]
[(5631, 15080, 2236), (-166, 62, 94)]
[(5631, 15080, 2236), (-166, 62, 94)]
[(5631, 15080, 2236), (-166, 62, 94)]