[(5517, 15056, 2643), (24, 125, 50)]
[(5492, 15059, 2688), (-348, -105, 13)]
[(5492, 15059, 2688), (-348, -105, 13)]
[(5512, 15033, 2661), (-354, -22, 3)]
[(5512, 15033, 2661), (-354, -22, 3)]
[(5512, 15033, 2661), (-354, -22, 3)]
[(5524, 15048, 2489), (70, 70, 70)]
[(5524, 15048, 2489), (70, 70, 70)]
[(5459, 15044, 2523), (107, 173, -26)]
[(5459, 15044, 2523), (107, 173, -26)]
[(5459, 15044, 2523), (107, 173, -26)]
[(5459, 15044, 2523), (107, 173, -26)]
[(5453, 15020, 2020), (-52, 345, -43)]
[(5453, 15020, 2020), (-52, 345, -43)]
[(5453, 15020, 2020), (-52, 345, -43)]
[(5347, 15053, 2211), (-138, 183, -4)]
[(5347, 15053, 2211), (-138, 183, -4)]
[(5364, 15084, 2286), (-149, 286, -19)]
[(5364, 15084, 2286), (-149, 286, -19)]
[(5364, 15084, 2286), (-149, 286, -19)]
[(5364, 15084, 2286), (-149, 286, -19)]
[(5394, 15065, 2352), (-152, 368, 7)]
[(5394, 15065, 2352), (-152, 368, 7)]
[(5394, 15065, 2352), (-152, 368, 7)]
[(5396, 15058, 2456), (-94, 299, 83)]
[(5396, 15058, 2456), (-94, 299, 83)]
[(5425, 15061, 2507), (-127, 255, 75)]
[(5425, 15061, 2507), (-127, 255, 75)]
[(5425, 15061, 2507), (-127, 255, 75)]
[(5425, 15061, 2507), (-127, 255, 75)]
[(5474, 15081, 2504), (-146, 214, 83)]
[(5474, 15081, 2504), (-146, 214, 83)]
[(5474, 15081, 2504), (-146, 214, 83)]
[(5489, 15100, 2536), (-141, 185, 92)]
[(5489, 15100, 2536), (-141, 185, 92)]
[(5508, 15088, 2560), (-140, 179, 102)]
[(5508, 15088, 2560), (-140, 179, 102)]
[(5508, 15088, 2560), (-140, 179, 102)]
[(5508, 15088, 2560), (-140, 179, 102)]
[(5537, 15112, 2557), (-166, 133, 109)]
[(5537, 15112, 2557), (-166, 133, 109)]
[(5537, 15112, 2557), (-166, 133, 109)]
[(5544, 15124, 2599), (-164, 110, 100)]
[(5544, 15124, 2599), (-164, 110, 100)]
[(5544, 15124, 2599), (-164, 110, 100)]
[(5544, 15124, 2599), (-164, 110, 100)]
[(5535, 15123, 2574), (-205, 86, 90)]
[(5535, 15123, 2574), (-205, 86, 90)]
[(5530, 15111, 2600), (-231, 89, 74)]
[(5530, 15111, 2600), (-231, 89, 74)]
[(5530, 15111, 2600), (-231, 89, 74)]
[(5562, 15092, 2578), (-181, 101, 82)]
[(5562, 15092, 2578), (-181, 101, 82)]
[(5567, 15077, 2593), (-166, 90, 70)]
[(5567, 15077, 2593), (-166, 90, 70)]
[(5567, 15077, 2593), (-166, 90, 70)]
[(5567, 15077, 2593), (-166, 90, 70)]
[(5576, 15106, 2580), (-154, 74, 72)]
[(5576, 15106, 2580), (-154, 74, 72)]
[(5576, 15106, 2580), (-154, 74, 72)]
[(5576, 15106, 2580), (-154, 74, 72)]
[(5576, 15106, 2580), (-154, 74, 72)]
[(5559, 15120, 2540), (-94, 121, 68)]
[(5559, 15120, 2540), (-94, 121, 68)]
[(5559, 15120, 2540), (-94, 121, 68)]
[(5559, 15120, 2540), (-94, 121, 68)]
[(5539, 15127, 2505), (-24, 123, 71)]
[(5539, 15127, 2505), (-24, 123, 71)]
[(5555, 15110, 2493), (17, 110, 78)]
[(5555, 15110, 2493), (17, 110, 78)]
[(5555, 15110, 2493), (17, 110, 78)]
[(5573, 15096, 2465), (1, 40, 94)]
[(5573, 15096, 2465), (1, 40, 94)]
[(5573, 15096, 2465), (1, 40, 94)]
[(5573, 15096, 2465), (1, 40, 94)]
[(5558, 15092, 2495), (-10, 2, 84)]
[(5558, 15092, 2495), (-10, 2, 84)]
[(5560, 15111, 2467), (-85, 24, 77)]
[(5560, 15111, 2467), (-85, 24, 77)]
[(5560, 15111, 2467), (-85, 24, 77)]
[(5560, 15111, 2467), (-85, 24, 77)]
[(5560, 15111, 2467), (-85, 24, 77)]
[(5567, 15116, 2497), (-96, 34, 74)]
[(5567, 15116, 2497), (-96, 34, 74)]
[(5576, 15135, 2488), (-115, 49, 49)]
[(5576, 15135, 2488), (-115, 49, 49)]
[(5587, 15137, 2468), (-154, 42, 33)]
[(5587, 15137, 2468), (-154, 42, 33)]
[(5587, 15137, 2468), (-154, 42, 33)]
[(5587, 15137, 2468), (-154, 42, 33)]
[(5587, 15137, 2468), (-154, 42, 33)]
[(5555, 15143, 2500), (-207, 91, 1)]
[(5555, 15143, 2500), (-207, 91, 1)]
[(5551, 15125, 2499), (-187, 75, 14)]
[(5551, 15125, 2499), (-187, 75, 14)]
[(5568, 15093, 2508), (-138, 52, 33)]
[(5568, 15093, 2508), (-138, 52, 33)]
[(5570, 15094, 2520), (-139, 36, 51)]
[(5570, 15094, 2520), (-139, 36, 51)]
[(5570, 15094, 2520), (-139, 36, 51)]
[(5570, 15094, 2520), (-139, 36, 51)]
[(5584, 15100, 2504), (-40, 12, 55)]
[(5584, 15100, 2504), (-40, 12, 55)]
[(5625, 15112, 2492), (228, 79, 112)]
[(5625, 15112, 2492), (228, 79, 112)]
[(5625, 15112, 2492), (228, 79, 112)]
[(5644, 15124, 2387), (541, 98, 154)]
[(5644, 15124, 2387), (541, 98, 154)]
[(5644, 15124, 2387), (541, 98, 154)]
[(5644, 15124, 2387), (541, 98, 154)]
[(5644, 15124, 2387), (541, 98, 154)]
[(5644, 15124, 2387), (541, 98, 154)]
[(5618, 15135, 2303), (802, 244, 152)]
[(5618, 15135, 2303), (802, 244, 152)]
[(5618, 15135, 2303), (802, 244, 152)]
[(5621, 15121, 2168), (908, 280, 119)]
[(5621, 15121, 2168), (908, 280, 119)]
[(5621, 15121, 2168), (908, 280, 119)]
[(5621, 15121, 2168), (908, 280, 119)]
[(5675, 15144, 2013), (1092, 283, 201)]
[(5602, 15111, 2570), (-70, 50, 21)]
[(5601, 15095, 2529), (-106, 46, 27)]
[(5616, 15064, 2561), (-132, 74, 32)]
[(5616, 15064, 2561), (-132, 74, 32)]
[(5616, 15064, 2561), (-132, 74, 32)]
[(5616, 15064, 2561), (-132, 74, 32)]
[(5632, 15078, 2553), (-121, 96, 24)]
[(5632, 15078, 2553), (-121, 96, 24)]
[(5632, 15078, 2553), (-121, 96, 24)]
[(5632, 15078, 2553), (-121, 96, 24)]
[(5632, 15078, 2553), (-121, 96, 24)]
[(5600, 15085, 2548), (-96, 92, -18)]
[(5600, 15085, 2548), (-96, 92, -18)]
[(5600, 15085, 2548), (-96, 92, -18)]
[(5600, 15085, 2548), (-96, 92, -18)]
[(5592, 15048, 2556), (-94, 89, -11)]
[(5592, 15048, 2556), (-94, 89, -11)]
[(5592, 15048, 2556), (-94, 89, -11)]
[(5594, 15060, 2551), (-120, 85, -2)]
[(5594, 15060, 2551), (-120, 85, -2)]
[(5588, 15047, 2559), (-147, 55, 23)]
[(5588, 15047, 2559), (-147, 55, 23)]
[(5588, 15047, 2559), (-147, 55, 23)]
[(5588, 15047, 2559), (-147, 55, 23)]
[(5586, 15051, 2558), (-141, 44, 42)]
[(5586, 15051, 2558), (-141, 44, 42)]
[(5586, 15051, 2558), (-141, 44, 42)]
[(5586, 15051, 2558), (-141, 44, 42)]
[(5586, 15051, 2558), (-141, 44, 42)]
[(5595, 15052, 2515), (-93, 49, 61)]
[(5595, 15052, 2515), (-93, 49, 61)]
[(5595, 15052, 2515), (-93, 49, 61)]
[(5595, 15052, 2515), (-93, 49, 61)]
[(5599, 15064, 2500), (-24, 51, 60)]
[(5599, 15064, 2500), (-24, 51, 60)]
[(5599, 15064, 2500), (-24, 51, 60)]
[(5604, 15074, 2480), (46, 62, 50)]
[(5604, 15074, 2480), (46, 62, 50)]
[(5618, 15084, 2549), (-127, 36, -3)]
[(5618, 15084, 2549), (-127, 36, -3)]
[(5618, 15084, 2549), (-127, 36, -3)]
[(5618, 15084, 2549), (-127, 36, -3)]
[(5715, 15258, 2661), (152, -707, -23)]
[(5715, 15258, 2661), (152, -707, -23)]
[(5715, 15258, 2661), (152, -707, -23)]
[(5715, 15258, 2661), (152, -707, -23)]
[(5715, 15258, 2661), (152, -707, -23)]
[(5715, 15258, 2661), (152, -707, -23)]
[(5715, 15258, 2661), (152, -707, -23)]
[(5670, 15211, 2627), (20, -344, -109)]
[(5670, 15211, 2627), (20, -344, -109)]
[(5655, 15176, 2550), (60, 115, -99)]
[(5655, 15176, 2550), (60, 115, -99)]
[(5655, 15176, 2550), (60, 115, -99)]
[(5664, 15132, 2628), (274, 140, 15)]
[(5664, 15132, 2628), (274, 140, 15)]
[(5664, 15132, 2628), (274, 140, 15)]
[(5664, 15132, 2628), (274, 140, 15)]
[(5664, 15132, 2628), (274, 140, 15)]
[(5664, 15132, 2628), (274, 140, 15)]
[(5619, 15087, 2517), (89, 117, 1)]
[(5619, 15087, 2517), (89, 117, 1)]
[(5619, 15087, 2517), (89, 117, 1)]
[(5602, 15065, 2520), (21, 101, 13)]
[(5602, 15065, 2520), (21, 101, 13)]
[(5592, 15076, 2480), (-12, 81, 22)]
[(5592, 15076, 2480), (-12, 81, 22)]
[(5592, 15076, 2480), (-12, 81, 22)]
[(5592, 15076, 2480), (-12, 81, 22)]
[(5583, 15055, 2454), (-28, 80, 41)]
[(5583, 15055, 2454), (-28, 80, 41)]
[(5583, 15055, 2454), (-28, 80, 41)]
[(5614, 15057, 2463), (-24, 65, 61)]
[(5614, 15057, 2463), (-24, 65, 61)]
[(5623, 15063, 2457), (-11, 61, 54)]
[(5623, 15063, 2457), (-11, 61, 54)]
[(5623, 15063, 2457), (-11, 61, 54)]
[(5623, 15063, 2457), (-11, 61, 54)]
[(5638, 15036, 2460), (-11, 88, 21)]
[(5638, 15036, 2460), (-11, 88, 21)]
[(5638, 15036, 2460), (-11, 88, 21)]
[(5636, 15042, 2428), (-18, 107, 34)]
[(5636, 15042, 2428), (-18, 107, 34)]
[(5636, 15042, 2428), (-18, 107, 34)]
[(5636, 15042, 2428), (-18, 107, 34)]
[(5636, 15042, 2428), (-18, 107, 34)]
[(5636, 15042, 2428), (-18, 107, 34)]
[(5651, 15039, 2405), (-61, 96, 55)]
[(5651, 15039, 2405), (-61, 96, 55)]
[(5651, 15039, 2405), (-61, 96, 55)]
[(5620, 15055, 2422), (-93, 71, 17)]
[(5620, 15055, 2422), (-93, 71, 17)]
[(5636, 15040, 2491), (71, 146, 21)]
[(5636, 15040, 2491), (71, 146, 21)]
[(5636, 15040, 2491), (71, 146, 21)]
[(5636, 15040, 2491), (71, 146, 21)]
[(5645, 15036, 2473), (103, 182, 13)]
[(5645, 15036, 2473), (103, 182, 13)]
[(5645, 15036, 2473), (103, 182, 13)]
[(5671, 15046, 2496), (54, 151, 43)]
[(5661, 15064, 2494), (-5, 123, 25)]
[(5661, 15064, 2494), (-5, 123, 25)]
[(5661, 15064, 2494), (-5, 123, 25)]
[(5661, 15064, 2494), (-5, 123, 25)]
[(5616, 15065, 2457), (-58, 102, 44)]
[(5616, 15065, 2457), (-58, 102, 44)]
[(5616, 15065, 2457), (-58, 102, 44)]
[(5608, 15068, 2432), (-79, 124, 58)]
[(5608, 15068, 2432), (-79, 124, 58)]
[(5608, 15068, 2432), (-79, 124, 58)]
[(5608, 15068, 2432), (-79, 124, 58)]
[(5620, 15093, 2444), (-92, 120, 52)]
[(5620, 15093, 2444), (-92, 120, 52)]
[(5602, 15098, 2422), (-106, 86, 40)]
[(5592, 15087, 2436), (-116, 86, 25)]
[(5592, 15087, 2436), (-116, 86, 25)]
[(5592, 15087, 2436), (-116, 86, 25)]
[(5592, 15087, 2436), (-116, 86, 25)]
[(5591, 15101, 2425), (-122, 75, 28)]
[(5591, 15101, 2425), (-122, 75, 28)]
[(5591, 15101, 2425), (-122, 75, 28)]
[(5591, 15101, 2425), (-122, 75, 28)]
[(5580, 15100, 2400), (-112, 66, 54)]
[(5598, 15100, 2384), (-119, 35, 65)]
[(5598, 15100, 2384), (-119, 35, 65)]