[(-14134, 5262, -7035), (-111, 213, 112)]
[(-14137, 5272, -7032), (-118, 227, 90)]
[(-14116, 5287, -7023), (-91, 208, 62)]
[(-14116, 5287, -7023), (-91, 208, 62)]
[(-14116, 5287, -7023), (-91, 208, 62)]
[(-14116, 5287, -7023), (-91, 208, 62)]
[(-14116, 5287, -7023), (-91, 208, 62)]
[(-14116, 5287, -7023), (-91, 208, 62)]
[(-14116, 5287, -7023), (-91, 208, 62)]
[(-14110, 5309, -7057), (-143, 180, 55)]
[(-14110, 5309, -7057), (-143, 180, 55)]
[(-14110, 5309, -7057), (-143, 180, 55)]
[(-14110, 5309, -7057), (-143, 180, 55)]
[(-14110, 5309, -7057), (-143, 180, 55)]
[(-14110, 5309, -7057), (-143, 180, 55)]
[(-14133, 5328, -7068), (-195, 194, 59)]
[(-14133, 5328, -7068), (-195, 194, 59)]
[(-14133, 5328, -7068), (-195, 194, 59)]
[(-14133, 5328, -7068), (-195, 194, 59)]
[(-14133, 5328, -7068), (-195, 194, 59)]
[(-14142, 5344, -7056), (-142, 186, 63)]
[(-14142, 5344, -7056), (-142, 186, 63)]
[(-14142, 5344, -7056), (-142, 186, 63)]
[(-14142, 5344, -7056), (-142, 186, 63)]
[(-14142, 5344, -7056), (-142, 186, 63)]
[(-14142, 5344, -7056), (-142, 186, 63)]
[(-14142, 5344, -7056), (-142, 186, 63)]
[(-14151, 5348, -7052), (-128, 182, 67)]
[(-14151, 5348, -7052), (-128, 182, 67)]
[(-14151, 5348, -7052), (-128, 182, 67)]
[(-14151, 5348, -7052), (-128, 182, 67)]
[(-14151, 5348, -7052), (-128, 182, 67)]
[(-14151, 5348, -7052), (-128, 182, 67)]
[(-14147, 5382, -7064), (-126, 188, 59)]
[(-14147, 5382, -7064), (-126, 188, 59)]
[(-14147, 5382, -7064), (-126, 188, 59)]
[(-14147, 5382, -7064), (-126, 188, 59)]
[(-14147, 5382, -7064), (-126, 188, 59)]
[(-14108, 5345, -7061), (-112, 169, 46)]
[(-14108, 5345, -7061), (-112, 169, 46)]
[(-14108, 5345, -7061), (-112, 169, 46)]
[(-14108, 5345, -7061), (-112, 169, 46)]
[(-14108, 5345, -7061), (-112, 169, 46)]
[(-14108, 5345, -7061), (-112, 169, 46)]
[(-14108, 5345, -7061), (-112, 169, 46)]
[(-14108, 5332, -7076), (-60, 176, 45)]
[(-14108, 5332, -7076), (-60, 176, 45)]
[(-14108, 5332, -7076), (-60, 176, 45)]
[(-14108, 5332, -7076), (-60, 176, 45)]
[(-14108, 5332, -7076), (-60, 176, 45)]
[(-14108, 5332, -7076), (-60, 176, 45)]
[(-14144, 5335, -7068), (-57, 151, 50)]
[(-14144, 5335, -7068), (-57, 151, 50)]
[(-14144, 5335, -7068), (-57, 151, 50)]
[(-14144, 5335, -7068), (-57, 151, 50)]
[(-14144, 5335, -7068), (-57, 151, 50)]
[(-14132, 5352, -7066), (-19, 174, 21)]
[(-14132, 5352, -7066), (-19, 174, 21)]
[(-14132, 5352, -7066), (-19, 174, 21)]
[(-14132, 5352, -7066), (-19, 174, 21)]
[(-14132, 5352, -7066), (-19, 174, 21)]
[(-14132, 5352, -7066), (-19, 174, 21)]
[(-14132, 5352, -7066), (-19, 174, 21)]
[(-14104, 5348, -7087), (56, 211, -6)]
[(-14104, 5348, -7087), (56, 211, -6)]
[(-14104, 5348, -7087), (56, 211, -6)]
[(-14104, 5348, -7087), (56, 211, -6)]
[(-14104, 5348, -7087), (56, 211, -6)]
[(-14104, 5348, -7087), (56, 211, -6)]
[(-14097, 5341, -7120), (59, 221, -1)]
[(-14097, 5341, -7120), (59, 221, -1)]
[(-14097, 5341, -7120), (59, 221, -1)]
[(-14097, 5341, -7120), (59, 221, -1)]
[(-14097, 5341, -7120), (59, 221, -1)]
[(-14088, 5346, -7135), (33, 225, -2)]
[(-14088, 5346, -7135), (33, 225, -2)]
[(-14088, 5346, -7135), (33, 225, -2)]
[(-14088, 5346, -7135), (33, 225, -2)]
[(-14088, 5346, -7135), (33, 225, -2)]
[(-14088, 5346, -7135), (33, 225, -2)]
[(-14088, 5346, -7135), (33, 225, -2)]
[(-14092, 5369, -7159), (24, 217, 9)]
[(-14092, 5369, -7159), (24, 217, 9)]
[(-14092, 5369, -7159), (24, 217, 9)]
[(-14092, 5369, -7159), (24, 217, 9)]
[(-14092, 5369, -7159), (24, 217, 9)]
[(-14092, 5369, -7159), (24, 217, 9)]
[(-14102, 5341, -7196), (-3, 212, 9)]
[(-14102, 5341, -7196), (-3, 212, 9)]
[(-14102, 5341, -7196), (-3, 212, 9)]
[(-14102, 5341, -7196), (-3, 212, 9)]
[(-14102, 5341, -7196), (-3, 212, 9)]
[(-14091, 5346, -7218), (14, 205, 18)]
[(-14091, 5346, -7218), (14, 205, 18)]
[(-14091, 5346, -7218), (14, 205, 18)]
[(-14091, 5346, -7218), (14, 205, 18)]
[(-14091, 5346, -7218), (14, 205, 18)]
[(-14091, 5346, -7218), (14, 205, 18)]
[(-14091, 5346, -7218), (14, 205, 18)]
[(-14096, 5318, -7199), (-23, 152, 3)]
[(-14096, 5318, -7199), (-23, 152, 3)]
[(-14096, 5318, -7199), (-23, 152, 3)]
[(-14096, 5318, -7199), (-23, 152, 3)]
[(-14068, 5336, -7199), (-18, 140, 18)]
[(-14068, 5336, -7199), (-18, 140, 18)]
[(-14068, 5336, -7199), (-18, 140, 18)]
[(-14068, 5336, -7199), (-18, 140, 18)]
[(-14068, 5336, -7199), (-18, 140, 18)]
[(-14051, 5332, -7219), (-3, 175, 33)]
[(-14051, 5332, -7219), (-3, 175, 33)]
[(-14051, 5332, -7219), (-3, 175, 33)]
[(-14051, 5332, -7219), (-3, 175, 33)]
[(-14051, 5332, -7219), (-3, 175, 33)]
[(-14070, 5316, -7216), (-29, 163, 40)]
[(-14070, 5316, -7216), (-29, 163, 40)]
[(-14070, 5316, -7216), (-29, 163, 40)]
[(-14070, 5316, -7216), (-29, 163, 40)]
[(-14070, 5316, -7216), (-29, 163, 40)]
[(-14070, 5316, -7216), (-29, 163, 40)]
[(-14070, 5316, -7216), (-29, 163, 40)]
[(-14070, 5316, -7216), (-29, 163, 40)]
[(-14063, 5315, -7234), (-47, 152, 40)]
[(-14063, 5315, -7234), (-47, 152, 40)]