[(-14342, 6999, -4125), (-114, 150, 49)]
[(-14334, 7030, -4124), (-113, 146, 45)]
[(-14334, 7030, -4124), (-113, 146, 45)]
[(-14334, 7030, -4124), (-113, 146, 45)]
[(-14334, 7030, -4124), (-113, 146, 45)]
[(-14334, 7030, -4124), (-113, 146, 45)]
[(-14308, 7029, -4115), (-109, 140, 37)]
[(-14308, 7029, -4115), (-109, 140, 37)]
[(-14308, 7029, -4115), (-109, 140, 37)]
[(-14308, 7029, -4115), (-109, 140, 37)]
[(-14308, 7029, -4115), (-109, 140, 37)]
[(-14308, 7052, -4112), (-92, 146, 32)]
[(-14308, 7052, -4112), (-92, 146, 32)]
[(-14308, 7052, -4112), (-92, 146, 32)]
[(-14308, 7052, -4112), (-92, 146, 32)]
[(-14308, 7052, -4112), (-92, 146, 32)]
[(-14308, 7052, -4112), (-92, 146, 32)]
[(-14306, 7066, -4115), (-94, 128, 25)]
[(-14306, 7066, -4115), (-94, 128, 25)]
[(-14306, 7066, -4115), (-94, 128, 25)]
[(-14306, 7066, -4115), (-94, 128, 25)]
[(-14306, 7066, -4115), (-94, 128, 25)]
[(-14306, 7066, -4115), (-94, 128, 25)]
[(-14306, 7066, -4115), (-94, 128, 25)]
[(-14313, 7085, -4108), (-83, 125, 32)]
[(-14313, 7085, -4108), (-83, 125, 32)]
[(-14313, 7085, -4108), (-83, 125, 32)]
[(-14313, 7085, -4108), (-83, 125, 32)]
[(-14313, 7085, -4108), (-83, 125, 32)]
[(-14313, 7085, -4108), (-83, 125, 32)]
[(-14381, 7192, -4052), (-24, 33, 168)]
[(-14381, 7192, -4052), (-24, 33, 168)]
[(-14381, 7192, -4052), (-24, 33, 168)]
[(-14381, 7192, -4052), (-24, 33, 168)]
[(-14381, 7192, -4052), (-24, 33, 168)]
[(-14393, 7134, -4057), (-22, 29, 185)]
[(-14393, 7134, -4057), (-22, 29, 185)]
[(-14393, 7134, -4057), (-22, 29, 185)]
[(-14393, 7134, -4057), (-22, 29, 185)]
[(-14393, 7134, -4057), (-22, 29, 185)]
[(-14393, 7134, -4057), (-22, 29, 185)]
[(-14393, 7134, -4057), (-22, 29, 185)]
[(-14360, 7113, -4080), (-50, 67, 156)]
[(-14360, 7113, -4080), (-50, 67, 156)]
[(-14360, 7113, -4080), (-50, 67, 156)]
[(-14360, 7113, -4080), (-50, 67, 156)]
[(-14360, 7113, -4080), (-50, 67, 156)]
[(-14360, 7113, -4080), (-50, 67, 156)]
[(-14340, 7107, -4105), (-56, 68, 143)]
[(-14340, 7107, -4105), (-56, 68, 143)]
[(-14340, 7107, -4105), (-56, 68, 143)]
[(-14340, 7107, -4105), (-56, 68, 143)]
[(-14340, 7107, -4105), (-56, 68, 143)]
[(-14306, 7087, -4094), (-59, 101, 126)]
[(-14306, 7087, -4094), (-59, 101, 126)]
[(-14306, 7087, -4094), (-59, 101, 126)]
[(-14306, 7087, -4094), (-59, 101, 126)]
[(-14306, 7087, -4094), (-59, 101, 126)]
[(-14306, 7087, -4094), (-59, 101, 126)]
[(-14306, 7087, -4094), (-59, 101, 126)]
[(-14308, 7095, -4097), (-60, 105, 93)]
[(-14308, 7095, -4097), (-60, 105, 93)]
[(-14308, 7095, -4097), (-60, 105, 93)]
[(-14308, 7095, -4097), (-60, 105, 93)]
[(-14308, 7095, -4097), (-60, 105, 93)]
[(-14308, 7095, -4097), (-60, 105, 93)]
[(-14339, 7057, -4048), (-84, 167, 63)]
[(-14339, 7057, -4048), (-84, 167, 63)]
[(-14339, 7057, -4048), (-84, 167, 63)]
[(-14339, 7057, -4048), (-84, 167, 63)]
[(-14339, 7057, -4048), (-84, 167, 63)]
[(-14332, 7065, -4058), (-36, 198, 90)]
[(-14332, 7065, -4058), (-36, 198, 90)]
[(-14332, 7065, -4058), (-36, 198, 90)]
[(-14332, 7065, -4058), (-36, 198, 90)]
[(-14332, 7065, -4058), (-36, 198, 90)]
[(-14332, 7065, -4058), (-36, 198, 90)]
[(-14332, 7065, -4058), (-36, 198, 90)]
[(-14315, 7056, -4097), (52, 169, 102)]
[(-14315, 7056, -4097), (52, 169, 102)]
[(-14315, 7056, -4097), (52, 169, 102)]
[(-14315, 7056, -4097), (52, 169, 102)]
[(-14315, 7056, -4097), (52, 169, 102)]
[(-14315, 7056, -4097), (52, 169, 102)]
[(-14320, 7051, -4180), (82, 127, 89)]
[(-14320, 7051, -4180), (82, 127, 89)]
[(-14320, 7051, -4180), (82, 127, 89)]
[(-14336, 7046, -4201), (0, 152, 82)]
[(-14336, 7046, -4201), (0, 152, 82)]
[(-14336, 7046, -4201), (0, 152, 82)]
[(-14336, 7046, -4201), (0, 152, 82)]
[(-14336, 7046, -4201), (0, 152, 82)]
[(-14336, 7046, -4201), (0, 152, 82)]
[(-14336, 7046, -4201), (0, 152, 82)]
[(-14324, 7082, -4183), (-73, 156, 94)]
[(-14324, 7082, -4183), (-73, 156, 94)]
[(-14324, 7082, -4183), (-73, 156, 94)]
[(-14324, 7082, -4183), (-73, 156, 94)]
[(-14324, 7082, -4183), (-73, 156, 94)]
[(-14324, 7082, -4183), (-73, 156, 94)]
[(-14315, 7107, -4172), (-110, 169, 94)]
[(-14315, 7107, -4172), (-110, 169, 94)]
[(-14315, 7107, -4172), (-110, 169, 94)]
[(-14315, 7107, -4172), (-110, 169, 94)]
[(-14315, 7107, -4172), (-110, 169, 94)]
[(-14304, 7122, -4140), (-102, 151, 80)]
[(-14304, 7122, -4140), (-102, 151, 80)]
[(-14304, 7122, -4140), (-102, 151, 80)]
[(-14304, 7122, -4140), (-102, 151, 80)]
[(-14304, 7122, -4140), (-102, 151, 80)]
[(-14304, 7122, -4140), (-102, 151, 80)]