[(-15725, -2418, -3337), (-155, 182, -53)]
[(-15747, -2412, -3305), (-56, 105, -26)]
[(-15747, -2412, -3305), (-56, 105, -26)]
[(-15751, -2460, -3267), (-2, 52, -2)]
[(-15751, -2460, -3267), (-2, 52, -2)]
[(-15751, -2460, -3267), (-2, 52, -2)]
[(-15751, -2460, -3267), (-2, 52, -2)]
[(-15751, -2460, -3267), (-2, 52, -2)]
[(-15751, -2460, -3267), (-2, 52, -2)]
[(-15768, -2495, -3243), (-27, 91, -2)]
[(-15768, -2495, -3243), (-27, 91, -2)]
[(-15768, -2495, -3243), (-27, 91, -2)]
[(-15768, -2495, -3243), (-27, 91, -2)]
[(-15768, -2495, -3243), (-27, 91, -2)]
[(-15768, -2495, -3243), (-27, 91, -2)]
[(-15768, -2495, -3243), (-27, 91, -2)]
[(-15785, -2485, -3224), (-117, 165, 18)]
[(-15785, -2485, -3224), (-117, 165, 18)]
[(-15785, -2485, -3224), (-117, 165, 18)]
[(-15785, -2485, -3224), (-117, 165, 18)]
[(-15785, -2485, -3224), (-117, 165, 18)]
[(-15780, -2476, -3232), (-271, 260, 0)]
[(-15780, -2476, -3232), (-271, 260, 0)]
[(-15780, -2476, -3232), (-271, 260, 0)]
[(-15780, -2476, -3232), (-271, 260, 0)]
[(-15780, -2476, -3232), (-271, 260, 0)]
[(-15780, -2476, -3232), (-271, 260, 0)]
[(-15780, -2476, -3232), (-271, 260, 0)]
[(-15780, -2476, -3232), (-271, 260, 0)]
[(-15780, -2476, -3232), (-271, 260, 0)]
[(-15752, -2400, -3230), (-274, 321, -28)]
[(-15752, -2400, -3230), (-274, 321, -28)]
[(-15752, -2400, -3230), (-274, 321, -28)]
[(-15752, -2400, -3230), (-274, 321, -28)]
[(-15727, -2408, -3286), (-255, 285, -27)]
[(-15727, -2408, -3286), (-255, 285, -27)]
[(-15727, -2408, -3286), (-255, 285, -27)]
[(-15727, -2408, -3286), (-255, 285, -27)]
[(-15727, -2408, -3286), (-255, 285, -27)]
[(-15732, -2439, -3315), (-194, 270, -30)]
[(-15732, -2439, -3315), (-194, 270, -30)]
[(-15732, -2439, -3315), (-194, 270, -30)]
[(-15732, -2439, -3315), (-194, 270, -30)]
[(-15732, -2439, -3315), (-194, 270, -30)]
[(-15732, -2439, -3315), (-194, 270, -30)]
[(-15735, -2425, -3341), (-170, 221, -4)]
[(-15735, -2425, -3341), (-170, 221, -4)]
[(-15735, -2425, -3341), (-170, 221, -4)]
[(-15735, -2425, -3341), (-170, 221, -4)]
[(-15735, -2425, -3341), (-170, 221, -4)]
[(-15735, -2425, -3341), (-170, 221, -4)]
[(-15735, -2425, -3341), (-170, 221, -4)]
[(-15708, -2448, -3359), (-182, 202, 12)]
[(-15708, -2448, -3359), (-182, 202, 12)]
[(-15708, -2448, -3359), (-182, 202, 12)]
[(-15708, -2448, -3359), (-182, 202, 12)]
[(-15708, -2448, -3359), (-182, 202, 12)]
[(-15737, -2471, -3400), (-111, 230, 10)]
[(-15737, -2471, -3400), (-111, 230, 10)]
[(-15737, -2471, -3400), (-111, 230, 10)]
[(-15737, -2471, -3400), (-111, 230, 10)]
[(-15737, -2471, -3400), (-111, 230, 10)]
[(-15737, -2471, -3400), (-111, 230, 10)]
[(-15737, -2484, -3419), (1, 242, 44)]
[(-15737, -2484, -3419), (1, 242, 44)]
[(-15737, -2484, -3419), (1, 242, 44)]
[(-15737, -2484, -3419), (1, 242, 44)]
[(-15737, -2484, -3419), (1, 242, 44)]
[(-15737, -2484, -3419), (1, 242, 44)]
[(-15737, -2484, -3419), (1, 242, 44)]
[(-15735, -2495, -3411), (317, 170, 73)]
[(-15735, -2495, -3411), (317, 170, 73)]
[(-15735, -2495, -3411), (317, 170, 73)]
[(-15735, -2495, -3411), (317, 170, 73)]
[(-15735, -2495, -3411), (317, 170, 73)]
[(-15735, -2495, -3411), (317, 170, 73)]
[(-15735, -2495, -3411), (317, 170, 73)]
[(-15703, -2521, -3351), (544, 108, 133)]
[(-15703, -2521, -3351), (544, 108, 133)]
[(-15703, -2521, -3351), (544, 108, 133)]
[(-15703, -2521, -3351), (544, 108, 133)]
[(-15707, -2517, -3348), (423, 125, 103)]
[(-15707, -2517, -3348), (423, 125, 103)]
[(-15707, -2517, -3348), (423, 125, 103)]
[(-15707, -2517, -3348), (423, 125, 103)]
[(-15707, -2517, -3348), (423, 125, 103)]
[(-15707, -2517, -3348), (423, 125, 103)]
[(-15707, -2517, -3348), (423, 125, 103)]
[(-15702, -2501, -3318), (316, 128, 39)]
[(-15702, -2501, -3318), (316, 128, 39)]
[(-15702, -2501, -3318), (316, 128, 39)]
[(-15702, -2501, -3318), (316, 128, 39)]
[(-15702, -2501, -3318), (316, 128, 39)]
[(-15735, -2549, -3292), (227, 72, 20)]
[(-15735, -2549, -3292), (227, 72, 20)]
[(-15735, -2549, -3292), (227, 72, 20)]
[(-15735, -2549, -3292), (227, 72, 20)]
[(-15735, -2549, -3292), (227, 72, 20)]
[(-15735, -2549, -3292), (227, 72, 20)]
[(-15735, -2551, -3311), (51, 15, 22)]
[(-15735, -2551, -3311), (51, 15, 22)]
[(-15735, -2551, -3311), (51, 15, 22)]
[(-15735, -2551, -3311), (51, 15, 22)]
[(-15735, -2551, -3311), (51, 15, 22)]
[(-15735, -2551, -3311), (51, 15, 22)]
[(-15735, -2551, -3311), (51, 15, 22)]
[(-15748, -2524, -3260), (-304, 35, 33)]
[(-15748, -2524, -3260), (-304, 35, 33)]
[(-15748, -2524, -3260), (-304, 35, 33)]
[(-15748, -2524, -3260), (-304, 35, 33)]
[(-15748, -2524, -3260), (-304, 35, 33)]
[(-15748, -2524, -3260), (-304, 35, 33)]
[(-15748, -2524, -3260), (-304, 35, 33)]
[(-15755, -2543, -3192), (-302, 47, 18)]
[(-15755, -2543, -3192), (-302, 47, 18)]
[(-15755, -2543, -3192), (-302, 47, 18)]
[(-15755, -2543, -3192), (-302, 47, 18)]
[(-15746, -2529, -3197), (-160, 141, 34)]
[(-15746, -2529, -3197), (-160, 141, 34)]
[(-15746, -2529, -3197), (-160, 141, 34)]
[(-15746, -2529, -3197), (-160, 141, 34)]
[(-15746, -2529, -3197), (-160, 141, 34)]
[(-15777, -2469, -3191), (-354, 146, 20)]
[(-15777, -2469, -3191), (-354, 146, 20)]
[(-15777, -2469, -3191), (-354, 146, 20)]
[(-15777, -2469, -3191), (-354, 146, 20)]
[(-15777, -2469, -3191), (-354, 146, 20)]
[(-15777, -2469, -3191), (-354, 146, 20)]
[(-15777, -2469, -3191), (-354, 146, 20)]
[(-15761, -2492, -3169), (-215, 105, 18)]
[(-15761, -2492, -3169), (-215, 105, 18)]
[(-15761, -2492, -3169), (-215, 105, 18)]
[(-15761, -2492, -3169), (-215, 105, 18)]
[(-15761, -2492, -3169), (-215, 105, 18)]
[(-15761, -2492, -3169), (-215, 105, 18)]
[(-15793, -2453, -3210), (-203, 154, 29)]
[(-15793, -2453, -3210), (-203, 154, 29)]
[(-15793, -2453, -3210), (-203, 154, 29)]
[(-15793, -2453, -3210), (-203, 154, 29)]
[(-15793, -2453, -3210), (-203, 154, 29)]
[(-15796, -2468, -3192), (-193, 202, 15)]
[(-15796, -2468, -3192), (-193, 202, 15)]
[(-15796, -2468, -3192), (-193, 202, 15)]
[(-15796, -2468, -3192), (-193, 202, 15)]
[(-15796, -2468, -3192), (-193, 202, 15)]
[(-15796, -2468, -3192), (-193, 202, 15)]