[(-15754, -2370, -3399), (134, 85, 35)]
[(-15777, -2388, -3339), (-90, 217, -27)]
[(-15777, -2388, -3339), (-90, 217, -27)]
[(-15777, -2388, -3339), (-90, 217, -27)]
[(-15777, -2388, -3339), (-90, 217, -27)]
[(-15777, -2388, -3339), (-90, 217, -27)]
[(-15757, -2382, -3342), (-54, 229, 0)]
[(-15757, -2382, -3342), (-54, 229, 0)]
[(-15757, -2382, -3342), (-54, 229, 0)]
[(-15757, -2382, -3342), (-54, 229, 0)]
[(-15757, -2382, -3342), (-54, 229, 0)]
[(-15773, -2364, -3347), (-44, 231, -17)]
[(-15773, -2364, -3347), (-44, 231, -17)]
[(-15773, -2364, -3347), (-44, 231, -17)]
[(-15773, -2364, -3347), (-44, 231, -17)]
[(-15773, -2364, -3347), (-44, 231, -17)]
[(-15773, -2364, -3347), (-44, 231, -17)]
[(-15775, -2388, -3372), (-67, 199, -18)]
[(-15775, -2388, -3372), (-67, 199, -18)]
[(-15775, -2388, -3372), (-67, 199, -18)]
[(-15775, -2388, -3372), (-67, 199, -18)]
[(-15775, -2388, -3372), (-67, 199, -18)]
[(-15775, -2388, -3372), (-67, 199, -18)]
[(-15775, -2388, -3372), (-67, 199, -18)]
[(-15783, -2422, -3357), (-100, 189, -26)]
[(-15783, -2422, -3357), (-100, 189, -26)]
[(-15783, -2422, -3357), (-100, 189, -26)]
[(-15783, -2422, -3357), (-100, 189, -26)]
[(-15783, -2422, -3357), (-100, 189, -26)]
[(-15748, -2434, -3349), (-206, 209, -42)]
[(-15748, -2434, -3349), (-206, 209, -42)]
[(-15748, -2434, -3349), (-206, 209, -42)]
[(-15748, -2434, -3349), (-206, 209, -42)]
[(-15748, -2434, -3349), (-206, 209, -42)]
[(-15748, -2434, -3349), (-206, 209, -42)]
[(-15751, -2436, -3374), (-180, 160, -10)]
[(-15751, -2436, -3374), (-180, 160, -10)]
[(-15751, -2436, -3374), (-180, 160, -10)]
[(-15751, -2436, -3374), (-180, 160, -10)]
[(-15751, -2436, -3374), (-180, 160, -10)]
[(-15751, -2436, -3374), (-180, 160, -10)]
[(-15751, -2436, -3374), (-180, 160, -10)]
[(-15751, -2448, -3361), (-192, 159, -15)]
[(-15751, -2448, -3361), (-192, 159, -15)]
[(-15751, -2448, -3361), (-192, 159, -15)]
[(-15751, -2448, -3361), (-192, 159, -15)]
[(-15751, -2448, -3361), (-192, 159, -15)]
[(-15755, -2453, -3375), (-197, 191, -14)]
[(-15755, -2453, -3375), (-197, 191, -14)]
[(-15755, -2453, -3375), (-197, 191, -14)]
[(-15755, -2453, -3375), (-197, 191, -14)]
[(-15755, -2453, -3375), (-197, 191, -14)]
[(-15755, -2453, -3375), (-197, 191, -14)]
[(-15760, -2437, -3428), (-212, 230, 18)]
[(-15760, -2437, -3428), (-212, 230, 18)]
[(-15760, -2437, -3428), (-212, 230, 18)]
[(-15760, -2437, -3428), (-212, 230, 18)]
[(-15760, -2437, -3428), (-212, 230, 18)]
[(-15760, -2437, -3428), (-212, 230, 18)]
[(-15760, -2437, -3428), (-212, 230, 18)]
[(-15735, -2461, -3457), (-173, 283, 24)]
[(-15735, -2461, -3457), (-173, 283, 24)]
[(-15735, -2461, -3457), (-173, 283, 24)]
[(-15735, -2461, -3457), (-173, 283, 24)]
[(-15735, -2461, -3457), (-173, 283, 24)]
[(-15750, -2409, -3496), (-19, 300, 24)]
[(-15750, -2409, -3496), (-19, 300, 24)]
[(-15750, -2409, -3496), (-19, 300, 24)]
[(-15750, -2409, -3496), (-19, 300, 24)]
[(-15750, -2409, -3496), (-19, 300, 24)]
[(-15750, -2409, -3496), (-19, 300, 24)]
[(-15751, -2414, -3488), (245, 220, 37)]
[(-15751, -2414, -3488), (245, 220, 37)]
[(-15751, -2414, -3488), (245, 220, 37)]
[(-15751, -2414, -3488), (245, 220, 37)]
[(-15751, -2414, -3488), (245, 220, 37)]
[(-15751, -2414, -3488), (245, 220, 37)]
[(-15751, -2414, -3488), (245, 220, 37)]
[(-15766, -2413, -3458), (671, 112, 118)]
[(-15766, -2413, -3458), (671, 112, 118)]
[(-15766, -2413, -3458), (671, 112, 118)]
[(-15766, -2413, -3458), (671, 112, 118)]
[(-15766, -2413, -3458), (671, 112, 118)]
[(-15783, -2408, -3467), (695, 115, 108)]
[(-15783, -2408, -3467), (695, 115, 108)]
[(-15783, -2408, -3467), (695, 115, 108)]
[(-15783, -2408, -3467), (695, 115, 108)]
[(-15783, -2408, -3467), (695, 115, 108)]
[(-15783, -2408, -3467), (695, 115, 108)]
[(-15764, -2392, -3410), (504, 22, 126)]
[(-15764, -2392, -3410), (504, 22, 126)]
[(-15764, -2392, -3410), (504, 22, 126)]
[(-15764, -2392, -3410), (504, 22, 126)]
[(-15764, -2392, -3410), (504, 22, 126)]
[(-15764, -2392, -3410), (504, 22, 126)]
[(-15764, -2392, -3410), (504, 22, 126)]
[(-15790, -2388, -3381), (369, 28, 46)]
[(-15790, -2388, -3381), (369, 28, 46)]
[(-15790, -2388, -3381), (369, 28, 46)]
[(-15790, -2388, -3381), (369, 28, 46)]
[(-15790, -2388, -3381), (369, 28, 46)]
[(-15761, -2429, -3360), (239, 48, 9)]
[(-15761, -2429, -3360), (239, 48, 9)]
[(-15761, -2429, -3360), (239, 48, 9)]
[(-15761, -2429, -3360), (239, 48, 9)]
[(-15761, -2429, -3360), (239, 48, 9)]
[(-15761, -2429, -3360), (239, 48, 9)]
[(-15765, -2404, -3365), (41, 45, 2)]
[(-15765, -2404, -3365), (41, 45, 2)]
[(-15765, -2404, -3365), (41, 45, 2)]
[(-15765, -2404, -3365), (41, 45, 2)]
[(-15765, -2404, -3365), (41, 45, 2)]
[(-15765, -2404, -3365), (41, 45, 2)]
[(-15765, -2404, -3365), (41, 45, 2)]
[(-15772, -2440, -3316), (-352, 69, -33)]
[(-15772, -2440, -3316), (-352, 69, -33)]
[(-15772, -2440, -3316), (-352, 69, -33)]
[(-15772, -2440, -3316), (-352, 69, -33)]
[(-15772, -2440, -3316), (-352, 69, -33)]
[(-15768, -2512, -3254), (-174, 110, -75)]
[(-15768, -2512, -3254), (-174, 110, -75)]
[(-15768, -2512, -3254), (-174, 110, -75)]
[(-15768, -2512, -3254), (-174, 110, -75)]
[(-15768, -2512, -3254), (-174, 110, -75)]
[(-15750, -2437, -3326), (-112, 176, 29)]
[(-15750, -2437, -3326), (-112, 176, 29)]
[(-15750, -2437, -3326), (-112, 176, 29)]
[(-15750, -2437, -3326), (-112, 176, 29)]
[(-15750, -2437, -3326), (-112, 176, 29)]
[(-15750, -2437, -3326), (-112, 176, 29)]
[(-15750, -2437, -3326), (-112, 176, 29)]
[(-15750, -2475, -3245), (-280, 79, -77)]
[(-15750, -2475, -3245), (-280, 79, -77)]
[(-15750, -2475, -3245), (-280, 79, -77)]
[(-15750, -2475, -3245), (-280, 79, -77)]
[(-15750, -2475, -3245), (-280, 79, -77)]
[(-15750, -2475, -3245), (-280, 79, -77)]
[(-15789, -2525, -3234), (-166, 93, -59)]
[(-15789, -2525, -3234), (-166, 93, -59)]
[(-15789, -2525, -3234), (-166, 93, -59)]
[(-15789, -2525, -3234), (-166, 93, -59)]
[(-15789, -2525, -3234), (-166, 93, -59)]
[(-15780, -2505, -3204), (-148, 13, 17)]
[(-15780, -2505, -3204), (-148, 13, 17)]
[(-15780, -2505, -3204), (-148, 13, 17)]
[(-15780, -2505, -3204), (-148, 13, 17)]
[(-15780, -2505, -3204), (-148, 13, 17)]
[(-15784, -2501, -3179), (-4, 97, 24)]
[(-15784, -2501, -3179), (-4, 97, 24)]