[(-15748, -2341, -3488), (-142, 157, 7)]
[(-15737, -2350, -3484), (-118, 163, 19)]
[(-15737, -2350, -3484), (-118, 163, 19)]
[(-15752, -2361, -3476), (-138, 135, 3)]
[(-15752, -2361, -3476), (-138, 135, 3)]
[(-15752, -2361, -3476), (-138, 135, 3)]
[(-15752, -2361, -3476), (-138, 135, 3)]
[(-15752, -2361, -3476), (-138, 135, 3)]
[(-15745, -2354, -3479), (-102, 130, 2)]
[(-15745, -2354, -3479), (-102, 130, 2)]
[(-15745, -2354, -3479), (-102, 130, 2)]
[(-15745, -2354, -3479), (-102, 130, 2)]
[(-15745, -2354, -3479), (-102, 130, 2)]
[(-15745, -2354, -3479), (-102, 130, 2)]
[(-15745, -2354, -3479), (-102, 130, 2)]
[(-15745, -2354, -3479), (-102, 130, 2)]
[(-15760, -2342, -3476), (-127, 147, -7)]
[(-15760, -2342, -3476), (-127, 147, -7)]
[(-15760, -2342, -3476), (-127, 147, -7)]
[(-15760, -2342, -3476), (-127, 147, -7)]
[(-15760, -2342, -3476), (-127, 147, -7)]
[(-15760, -2342, -3469), (-78, 151, -31)]
[(-15760, -2342, -3469), (-78, 151, -31)]
[(-15760, -2342, -3469), (-78, 151, -31)]
[(-15760, -2342, -3469), (-78, 151, -31)]
[(-15760, -2342, -3469), (-78, 151, -31)]
[(-15743, -2372, -3439), (-108, 177, -35)]
[(-15743, -2372, -3439), (-108, 177, -35)]
[(-15743, -2372, -3439), (-108, 177, -35)]
[(-15743, -2372, -3439), (-108, 177, -35)]
[(-15743, -2372, -3439), (-108, 177, -35)]
[(-15743, -2372, -3439), (-108, 177, -35)]
[(-15743, -2372, -3439), (-108, 177, -35)]
[(-15743, -2372, -3439), (-108, 177, -35)]
[(-15742, -2371, -3415), (-167, 203, -50)]
[(-15742, -2371, -3415), (-167, 203, -50)]
[(-15742, -2371, -3415), (-167, 203, -50)]
[(-15742, -2371, -3415), (-167, 203, -50)]
[(-15742, -2371, -3415), (-167, 203, -50)]
[(-15738, -2374, -3400), (-133, 191, -33)]
[(-15738, -2374, -3400), (-133, 191, -33)]
[(-15738, -2374, -3400), (-133, 191, -33)]
[(-15738, -2374, -3400), (-133, 191, -33)]
[(-15738, -2374, -3400), (-133, 191, -33)]
[(-15777, -2393, -3396), (-121, 177, -31)]
[(-15777, -2393, -3396), (-121, 177, -31)]
[(-15777, -2393, -3396), (-121, 177, -31)]
[(-15777, -2393, -3396), (-121, 177, -31)]
[(-15777, -2393, -3396), (-121, 177, -31)]
[(-15777, -2393, -3396), (-121, 177, -31)]
[(-15777, -2393, -3396), (-121, 177, -31)]
[(-15777, -2393, -3396), (-121, 177, -31)]
[(-15761, -2364, -3458), (-190, 155, -107)]
[(-15761, -2364, -3458), (-190, 155, -107)]
[(-15761, -2364, -3458), (-190, 155, -107)]
[(-15761, -2364, -3458), (-190, 155, -107)]
[(-15761, -2364, -3458), (-190, 155, -107)]
[(-15783, -2356, -3449), (-252, 151, -84)]
[(-15783, -2356, -3449), (-252, 151, -84)]
[(-15783, -2356, -3449), (-252, 151, -84)]
[(-15783, -2356, -3449), (-252, 151, -84)]
[(-15783, -2356, -3449), (-252, 151, -84)]
[(-15744, -2348, -3470), (-151, 152, -70)]
[(-15744, -2348, -3470), (-151, 152, -70)]
[(-15744, -2348, -3470), (-151, 152, -70)]
[(-15744, -2348, -3470), (-151, 152, -70)]
[(-15744, -2348, -3470), (-151, 152, -70)]
[(-15744, -2348, -3470), (-151, 152, -70)]
[(-15744, -2348, -3470), (-151, 152, -70)]
[(-15744, -2348, -3470), (-151, 152, -70)]
[(-15729, -2374, -3505), (-134, 121, -98)]
[(-15729, -2374, -3505), (-134, 121, -98)]
[(-15729, -2374, -3505), (-134, 121, -98)]
[(-15729, -2374, -3505), (-134, 121, -98)]
[(-15729, -2374, -3505), (-134, 121, -98)]
[(-15724, -2350, -3500), (-65, 103, -64)]
[(-15724, -2350, -3500), (-65, 103, -64)]
[(-15724, -2350, -3500), (-65, 103, -64)]
[(-15724, -2350, -3500), (-65, 103, -64)]
[(-15724, -2350, -3500), (-65, 103, -64)]
[(-15736, -2369, -3477), (-106, 107, -51)]
[(-15736, -2369, -3477), (-106, 107, -51)]
[(-15736, -2369, -3477), (-106, 107, -51)]
[(-15736, -2369, -3477), (-106, 107, -51)]
[(-15736, -2369, -3477), (-106, 107, -51)]
[(-15736, -2369, -3477), (-106, 107, -51)]
[(-15736, -2369, -3477), (-106, 107, -51)]
[(-15736, -2369, -3477), (-106, 107, -51)]
[(-15710, -2371, -3458), (-125, 135, -12)]
[(-15710, -2371, -3458), (-125, 135, -12)]
[(-15710, -2371, -3458), (-125, 135, -12)]
[(-15710, -2371, -3458), (-125, 135, -12)]
[(-15710, -2371, -3458), (-125, 135, -12)]
[(-15720, -2376, -3499), (-97, 164, -14)]
[(-15720, -2376, -3499), (-97, 164, -14)]
[(-15720, -2376, -3499), (-97, 164, -14)]
[(-15720, -2376, -3499), (-97, 164, -14)]
[(-15720, -2376, -3499), (-97, 164, -14)]
[(-15730, -2376, -3481), (-76, 216, -21)]
[(-15730, -2376, -3481), (-76, 216, -21)]
[(-15730, -2376, -3481), (-76, 216, -21)]
[(-15730, -2376, -3481), (-76, 216, -21)]
[(-15730, -2376, -3481), (-76, 216, -21)]
[(-15730, -2376, -3481), (-76, 216, -21)]
[(-15730, -2376, -3481), (-76, 216, -21)]
[(-15730, -2376, -3481), (-76, 216, -21)]
[(-15713, -2380, -3480), (-84, 225, -11)]
[(-15713, -2380, -3480), (-84, 225, -11)]
[(-15713, -2380, -3480), (-84, 225, -11)]
[(-15713, -2380, -3480), (-84, 225, -11)]
[(-15713, -2380, -3480), (-84, 225, -11)]
[(-15733, -2353, -3518), (34, 213, 15)]
[(-15733, -2353, -3518), (34, 213, 15)]
[(-15733, -2353, -3518), (34, 213, 15)]
[(-15733, -2353, -3518), (34, 213, 15)]
[(-15733, -2353, -3518), (34, 213, 15)]
[(-15733, -2353, -3518), (34, 213, 15)]
[(-15733, -2353, -3518), (34, 213, 15)]
[(-15744, -2364, -3440), (466, 117, 59)]
[(-15744, -2364, -3440), (466, 117, 59)]
[(-15744, -2364, -3440), (466, 117, 59)]
[(-15744, -2364, -3440), (466, 117, 59)]
[(-15718, -2328, -3436), (664, -3, 100)]
[(-15718, -2328, -3436), (664, -3, 100)]
[(-15718, -2328, -3436), (664, -3, 100)]
[(-15718, -2328, -3436), (664, -3, 100)]
[(-15718, -2328, -3436), (664, -3, 100)]
[(-15718, -2328, -3436), (664, -3, 100)]
[(-15718, -2328, -3436), (664, -3, 100)]
[(-15691, -2334, -3421), (503, 20, 62)]
[(-15691, -2334, -3421), (503, 20, 62)]
[(-15691, -2334, -3421), (503, 20, 62)]
[(-15691, -2334, -3421), (503, 20, 62)]
[(-15691, -2334, -3421), (503, 20, 62)]
[(-15715, -2356, -3400), (376, 34, 45)]
[(-15715, -2356, -3400), (376, 34, 45)]
[(-15715, -2356, -3400), (376, 34, 45)]
[(-15715, -2356, -3400), (376, 34, 45)]
[(-15715, -2356, -3400), (376, 34, 45)]
[(-15715, -2356, -3400), (376, 34, 45)]
[(-15691, -2333, -3405), (64, -77, 12)]
[(-15691, -2333, -3405), (64, -77, 12)]
[(-15691, -2333, -3405), (64, -77, 12)]
[(-15691, -2333, -3405), (64, -77, 12)]
[(-15691, -2333, -3405), (64, -77, 12)]
[(-15691, -2333, -3405), (64, -77, 12)]
[(-15691, -2333, -3405), (64, -77, 12)]
[(-15740, -2366, -3302), (-339, -34, -35)]
[(-15740, -2366, -3302), (-339, -34, -35)]
[(-15740, -2366, -3302), (-339, -34, -35)]
[(-15740, -2366, -3302), (-339, -34, -35)]
[(-15740, -2366, -3302), (-339, -34, -35)]
[(-15742, -2407, -3239), (-162, -33, -67)]
[(-15742, -2407, -3239), (-162, -33, -67)]
[(-15742, -2407, -3239), (-162, -33, -67)]
[(-15742, -2407, -3239), (-162, -33, -67)]
[(-15742, -2407, -3239), (-162, -33, -67)]
[(-15742, -2407, -3239), (-162, -33, -67)]
[(-15766, -2420, -3253), (-78, 109, -69)]
[(-15766, -2420, -3253), (-78, 109, -69)]
[(-15766, -2420, -3253), (-78, 109, -69)]
[(-15766, -2420, -3253), (-78, 109, -69)]
[(-15766, -2420, -3253), (-78, 109, -69)]
[(-15766, -2420, -3253), (-78, 109, -69)]
[(-15766, -2420, -3253), (-78, 109, -69)]
[(-15766, -2420, -3253), (-78, 109, -69)]
[(-15766, -2420, -3253), (-78, 109, -69)]
[(-15764, -2414, -3188), (-266, 90, -72)]
[(-15764, -2414, -3188), (-266, 90, -72)]
[(-15764, -2414, -3188), (-266, 90, -72)]
[(-15744, -2428, -3156), (-141, 93, -40)]
[(-15744, -2428, -3156), (-141, 93, -40)]
[(-15744, -2428, -3156), (-141, 93, -40)]
[(-15744, -2428, -3156), (-141, 93, -40)]
[(-15744, -2428, -3156), (-141, 93, -40)]
[(-15744, -2428, -3156), (-141, 93, -40)]
[(-15744, -2428, -3156), (-141, 93, -40)]
[(-15748, -2420, -3171), (-63, 111, -10)]
[(-15748, -2420, -3171), (-63, 111, -10)]
[(-15748, -2420, -3171), (-63, 111, -10)]
[(-15748, -2420, -3171), (-63, 111, -10)]
[(-15748, -2420, -3171), (-63, 111, -10)]
[(-15742, -2449, -3148), (-33, 152, 17)]
[(-15742, -2449, -3148), (-33, 152, 17)]
[(-15742, -2449, -3148), (-33, 152, 17)]
[(-15742, -2449, -3148), (-33, 152, 17)]
[(-15742, -2449, -3148), (-33, 152, 17)]
[(-15742, -2449, -3148), (-33, 152, 17)]
[(-15732, -2346, -3140), (-131, 187, 38)]
[(-15732, -2346, -3140), (-131, 187, 38)]
[(-15732, -2346, -3140), (-131, 187, 38)]
[(-15732, -2346, -3140), (-131, 187, 38)]
[(-15732, -2346, -3140), (-131, 187, 38)]
[(-15697, -2396, -3177), (-76, 205, 33)]
[(-15697, -2396, -3177), (-76, 205, 33)]
[(-15697, -2396, -3177), (-76, 205, 33)]
[(-15697, -2396, -3177), (-76, 205, 33)]
[(-15697, -2396, -3177), (-76, 205, 33)]
[(-15697, -2396, -3177), (-76, 205, 33)]
[(-15697, -2396, -3177), (-76, 205, 33)]
[(-15693, -2351, -3224), (-67, 268, 2)]