[(-15773, -2356, -3064), (-180, 199, 26)]
[(-15759, -2350, -3096), (-220, 167, 7)]
[(-15774, -2342, -3187), (-481, 153, -4)]
[(-15774, -2342, -3187), (-481, 153, -4)]
[(-15774, -2342, -3187), (-481, 153, -4)]
[(-15774, -2342, -3187), (-481, 153, -4)]
[(-15774, -2342, -3187), (-481, 153, -4)]
[(-15774, -2342, -3187), (-481, 153, -4)]
[(-15759, -2364, -3175), (-416, 158, -30)]
[(-15759, -2364, -3175), (-416, 158, -30)]
[(-15759, -2364, -3175), (-416, 158, -30)]
[(-15759, -2364, -3175), (-416, 158, -30)]
[(-15759, -2364, -3175), (-416, 158, -30)]
[(-15777, -2332, -3140), (-391, 214, -38)]
[(-15777, -2332, -3140), (-391, 214, -38)]
[(-15777, -2332, -3140), (-391, 214, -38)]
[(-15777, -2332, -3140), (-391, 214, -38)]
[(-15777, -2332, -3140), (-391, 214, -38)]
[(-15777, -2332, -3140), (-391, 214, -38)]
[(-15777, -2332, -3140), (-391, 214, -38)]
[(-15773, -2336, -3149), (-361, 224, -28)]
[(-15773, -2336, -3149), (-361, 224, -28)]
[(-15773, -2336, -3149), (-361, 224, -28)]
[(-15773, -2336, -3149), (-361, 224, -28)]
[(-15773, -2336, -3149), (-361, 224, -28)]
[(-15773, -2336, -3149), (-361, 224, -28)]
[(-15788, -2359, -3197), (-445, 256, -20)]
[(-15788, -2359, -3197), (-445, 256, -20)]
[(-15788, -2359, -3197), (-445, 256, -20)]
[(-15788, -2359, -3197), (-445, 256, -20)]
[(-15788, -2359, -3197), (-445, 256, -20)]
[(-15782, -2349, -3232), (-397, 315, -17)]
[(-15782, -2349, -3232), (-397, 315, -17)]
[(-15782, -2349, -3232), (-397, 315, -17)]
[(-15782, -2349, -3232), (-397, 315, -17)]
[(-15782, -2349, -3232), (-397, 315, -17)]
[(-15782, -2349, -3232), (-397, 315, -17)]
[(-15782, -2349, -3232), (-397, 315, -17)]
[(-15821, -2331, -3265), (-301, 350, 39)]
[(-15821, -2331, -3265), (-301, 350, 39)]
[(-15821, -2331, -3265), (-301, 350, 39)]
[(-15821, -2331, -3265), (-301, 350, 39)]
[(-15821, -2331, -3265), (-301, 350, 39)]
[(-15821, -2331, -3265), (-301, 350, 39)]
[(-15803, -2322, -3292), (-170, 351, 66)]
[(-15803, -2322, -3292), (-170, 351, 66)]
[(-15803, -2322, -3292), (-170, 351, 66)]
[(-15803, -2322, -3292), (-170, 351, 66)]
[(-15803, -2322, -3292), (-170, 351, 66)]
[(-15795, -2356, -3332), (137, 272, 127)]
[(-15795, -2356, -3332), (137, 272, 127)]
[(-15795, -2356, -3332), (137, 272, 127)]
[(-15795, -2356, -3332), (137, 272, 127)]
[(-15795, -2356, -3332), (137, 272, 127)]
[(-15795, -2356, -3332), (137, 272, 127)]
[(-15795, -2356, -3332), (137, 272, 127)]
[(-15784, -2335, -3258), (534, 170, 138)]
[(-15784, -2335, -3258), (534, 170, 138)]
[(-15784, -2335, -3258), (534, 170, 138)]
[(-15784, -2335, -3258), (534, 170, 138)]
[(-15784, -2335, -3258), (534, 170, 138)]
[(-15784, -2335, -3258), (534, 170, 138)]
[(-15779, -2299, -3275), (561, 170, 120)]
[(-15779, -2299, -3275), (561, 170, 120)]
[(-15779, -2299, -3275), (561, 170, 120)]
[(-15779, -2299, -3275), (561, 170, 120)]
[(-15779, -2299, -3275), (561, 170, 120)]
[(-15799, -2267, -3268), (370, 171, 110)]
[(-15799, -2267, -3268), (370, 171, 110)]
[(-15799, -2267, -3268), (370, 171, 110)]
[(-15799, -2267, -3268), (370, 171, 110)]
[(-15799, -2267, -3268), (370, 171, 110)]
[(-15804, -2256, -3256), (222, 173, 91)]
[(-15804, -2256, -3256), (222, 173, 91)]
[(-15804, -2256, -3256), (222, 173, 91)]
[(-15804, -2256, -3256), (222, 173, 91)]
[(-15804, -2256, -3256), (222, 173, 91)]
[(-15804, -2256, -3256), (222, 173, 91)]
[(-15804, -2256, -3256), (222, 173, 91)]
[(-15804, -2256, -3256), (222, 173, 91)]
[(-15775, -2222, -3307), (134, 154, 57)]
[(-15775, -2222, -3307), (134, 154, 57)]
[(-15775, -2222, -3307), (134, 154, 57)]
[(-15775, -2222, -3307), (134, 154, 57)]
[(-15775, -2222, -3307), (134, 154, 57)]
[(-15816, -2190, -3182), (-273, 81, -27)]
[(-15816, -2190, -3182), (-273, 81, -27)]
[(-15816, -2190, -3182), (-273, 81, -27)]
[(-15816, -2190, -3182), (-273, 81, -27)]
[(-15816, -2190, -3182), (-273, 81, -27)]
[(-15768, -2285, -3122), (-146, 95, -47)]
[(-15768, -2285, -3122), (-146, 95, -47)]
[(-15768, -2285, -3122), (-146, 95, -47)]
[(-15768, -2285, -3122), (-146, 95, -47)]
[(-15768, -2285, -3122), (-146, 95, -47)]
[(-15768, -2285, -3122), (-146, 95, -47)]
[(-15768, -2285, -3122), (-146, 95, -47)]
[(-15768, -2285, -3122), (-146, 95, -47)]
[(-15796, -2141, -3163), (-185, 211, 142)]
[(-15796, -2141, -3163), (-185, 211, 142)]
[(-15796, -2141, -3163), (-185, 211, 142)]
[(-15796, -2141, -3163), (-185, 211, 142)]
[(-15796, -2141, -3163), (-185, 211, 142)]
[(-15768, -2184, -3146), (-180, 149, -8)]
[(-15768, -2184, -3146), (-180, 149, -8)]
[(-15768, -2184, -3146), (-180, 149, -8)]
[(-15768, -2184, -3146), (-180, 149, -8)]
[(-15780, -2246, -3113), (-183, 159, -49)]
[(-15780, -2246, -3113), (-183, 159, -49)]
[(-15780, -2246, -3113), (-183, 159, -49)]
[(-15780, -2246, -3113), (-183, 159, -49)]
[(-15780, -2246, -3113), (-183, 159, -49)]
[(-15780, -2246, -3113), (-183, 159, -49)]
[(-15780, -2246, -3113), (-183, 159, -49)]
[(-15780, -2246, -3113), (-183, 159, -49)]
[(-15770, -2288, -3090), (-109, 137, -49)]
[(-15770, -2288, -3090), (-109, 137, -49)]
[(-15770, -2288, -3090), (-109, 137, -49)]
[(-15770, -2288, -3090), (-109, 137, -49)]
[(-15770, -2288, -3090), (-109, 137, -49)]
[(-15785, -2311, -3097), (-109, 184, -49)]
[(-15785, -2311, -3097), (-109, 184, -49)]
[(-15785, -2311, -3097), (-109, 184, -49)]
[(-15785, -2311, -3097), (-109, 184, -49)]
[(-15785, -2311, -3097), (-109, 184, -49)]
[(-15785, -2311, -3097), (-109, 184, -49)]
[(-15782, -2280, -3092), (-178, 189, -32)]
[(-15782, -2280, -3092), (-178, 189, -32)]
[(-15782, -2280, -3092), (-178, 189, -32)]
[(-15782, -2280, -3092), (-178, 189, -32)]
[(-15782, -2280, -3092), (-178, 189, -32)]