[(1484, 16352, -483), (-165, -48, 44)]
[(1448, 16370, -529), (-153, -38, 7)]
[(1452, 16380, -515), (-196, -32, 22)]
[(1452, 16380, -515), (-196, -32, 22)]
[(1452, 16380, -515), (-196, -32, 22)]
[(1452, 16380, -515), (-196, -32, 22)]
[(1441, 16369, -505), (-216, -29, 46)]
[(1441, 16369, -505), (-216, -29, 46)]
[(1441, 16369, -505), (-216, -29, 46)]
[(1434, 16367, -501), (-216, -37, 53)]
[(1434, 16367, -501), (-216, -37, 53)]
[(1434, 16367, -501), (-216, -37, 53)]
[(1434, 16367, -501), (-216, -37, 53)]
[(1434, 16367, -501), (-216, -37, 53)]
[(1434, 16367, -501), (-216, -37, 53)]
[(1453, 16348, -442), (-209, 1, 55)]
[(1453, 16348, -442), (-209, 1, 55)]
[(1453, 16348, -442), (-209, 1, 55)]
[(1463, 16335, -432), (-202, 7, 40)]
[(1463, 16335, -432), (-202, 7, 40)]
[(1463, 16335, -432), (-202, 7, 40)]
[(1463, 16335, -432), (-202, 7, 40)]
[(1451, 16338, -413), (-188, -1, 30)]
[(1451, 16338, -413), (-188, -1, 30)]
[(1451, 16338, -413), (-188, -1, 30)]
[(1455, 16308, -406), (-166, -60, 25)]
[(1455, 16308, -406), (-166, -60, 25)]
[(1448, 16300, -367), (-230, -53, -1)]
[(1448, 16300, -367), (-230, -53, -1)]
[(1569, 16344, -338), (-23, -464, 105)]
[(1569, 16344, -338), (-23, -464, 105)]
[(1569, 16344, -338), (-23, -464, 105)]
[(1569, 16344, -338), (-23, -464, 105)]
[(1553, 16345, -287), (-3, -587, 95)]
[(1553, 16345, -287), (-3, -587, 95)]
[(1553, 16345, -287), (-3, -587, 95)]
[(1554, 16332, -282), (-42, -439, 57)]
[(1554, 16332, -282), (-42, -439, 57)]
[(1554, 16332, -282), (-42, -439, 57)]
[(1554, 16332, -282), (-42, -439, 57)]
[(1552, 16362, -347), (-73, -269, 14)]
[(1552, 16362, -347), (-73, -269, 14)]
[(1551, 16364, -332), (88, -482, 143)]
[(1551, 16364, -332), (88, -482, 143)]
[(1551, 16364, -332), (88, -482, 143)]
[(1536, 16367, -392), (41, -322, 151)]
[(1536, 16367, -392), (41, -322, 151)]
[(1536, 16367, -392), (41, -322, 151)]
[(1536, 16367, -392), (41, -322, 151)]
[(1560, 16354, -435), (29, -193, 150)]
[(1560, 16354, -435), (29, -193, 150)]
[(1560, 16354, -435), (29, -193, 150)]
[(1560, 16354, -435), (29, -193, 150)]
[(1560, 16354, -435), (29, -193, 150)]
[(1546, 16367, -478), (12, -76, 109)]
[(1546, 16367, -478), (12, -76, 109)]
[(1493, 16389, -551), (-22, 93, 35)]
[(1493, 16389, -551), (-22, 93, 35)]
[(1493, 16389, -551), (-22, 93, 35)]
[(1493, 16389, -551), (-22, 93, 35)]
[(1493, 16389, -551), (-22, 93, 35)]
[(1493, 16389, -551), (-22, 93, 35)]
[(1493, 16389, -551), (-22, 93, 35)]
[(1456, 16363, -600), (8, 164, -5)]
[(1456, 16363, -600), (8, 164, -5)]
[(1449, 16327, -628), (-56, 166, -21)]
[(1449, 16327, -628), (-56, 166, -21)]
[(1449, 16327, -628), (-56, 166, -21)]
[(1449, 16327, -628), (-56, 166, -21)]
[(1427, 16330, -619), (-130, 130, -26)]
[(1427, 16330, -619), (-130, 130, -26)]
[(1427, 16330, -619), (-130, 130, -26)]
[(1422, 16336, -596), (-168, 103, 15)]
[(1422, 16336, -596), (-168, 103, 15)]
[(1423, 16368, -600), (-159, 132, 28)]
[(1423, 16368, -600), (-159, 132, 28)]
[(1423, 16368, -600), (-159, 132, 28)]
[(1423, 16368, -600), (-159, 132, 28)]
[(1405, 16356, -603), (-97, 186, 28)]
[(1405, 16356, -603), (-97, 186, 28)]
[(1405, 16356, -603), (-97, 186, 28)]
[(1421, 16346, -608), (-85, 218, -1)]
[(1421, 16346, -608), (-85, 218, -1)]
[(1424, 16346, -609), (-100, 219, -30)]
[(1424, 16346, -609), (-100, 219, -30)]
[(1424, 16346, -609), (-100, 219, -30)]
[(1424, 16346, -609), (-100, 219, -30)]
[(1414, 16351, -627), (-128, 201, -53)]
[(1411, 16354, -636), (-145, 194, -52)]
[(1411, 16354, -636), (-145, 194, -52)]
[(1411, 16354, -636), (-145, 194, -52)]
[(1411, 16354, -636), (-145, 194, -52)]
[(1411, 16354, -636), (-145, 194, -52)]
[(1411, 16354, -636), (-145, 194, -52)]
[(1384, 16348, -623), (-139, 216, -36)]
[(1392, 16338, -628), (-139, 218, -22)]
[(1397, 16338, -596), (-148, 214, -15)]
[(1397, 16338, -596), (-148, 214, -15)]
[(1397, 16338, -596), (-148, 214, -15)]
[(1397, 16338, -596), (-148, 214, -15)]
[(1397, 16361, -622), (-125, 215, -22)]
[(1397, 16361, -622), (-125, 215, -22)]
[(1397, 16361, -622), (-125, 215, -22)]
[(1397, 16361, -622), (-125, 215, -22)]
[(1397, 16361, -622), (-125, 215, -22)]
[(1397, 16361, -622), (-125, 215, -22)]
[(1397, 16361, -622), (-125, 215, -22)]
[(1397, 16361, -622), (-125, 215, -22)]
[(1397, 16361, -622), (-125, 215, -22)]
[(1462, 16340, -589), (-75, 123, 42)]
[(1462, 16340, -589), (-75, 123, 42)]
[(1462, 16340, -589), (-75, 123, 42)]
[(1462, 16340, -589), (-75, 123, 42)]
[(1447, 16330, -580), (-111, 100, 34)]
[(1447, 16330, -580), (-111, 100, 34)]
[(1447, 16330, -580), (-111, 100, 34)]
[(1420, 16322, -591), (-154, 94, 33)]
[(1420, 16322, -591), (-154, 94, 33)]
[(1435, 16327, -560), (-167, 63, 52)]