[(1173, 16371, -615), (-44, 65, 25)]
[(1216, 16360, -647), (-121, 63, 39)]
[(1216, 16360, -647), (-121, 63, 39)]
[(1216, 16360, -647), (-121, 63, 39)]
[(1216, 16360, -647), (-121, 63, 39)]
[(1216, 16360, -647), (-121, 63, 39)]
[(1216, 16360, -647), (-121, 63, 39)]
[(1216, 16360, -647), (-121, 63, 39)]
[(1216, 16360, -647), (-121, 63, 39)]
[(1231, 16355, -683), (-101, 99, 6)]
[(1231, 16355, -683), (-101, 99, 6)]
[(1231, 16355, -683), (-101, 99, 6)]
[(1236, 16335, -675), (-116, 111, -13)]
[(1236, 16335, -675), (-116, 111, -13)]
[(1240, 16332, -683), (-132, 107, -33)]
[(1240, 16332, -683), (-132, 107, -33)]
[(1240, 16332, -683), (-132, 107, -33)]
[(1240, 16332, -683), (-132, 107, -33)]
[(1255, 16340, -663), (-164, 88, -33)]
[(1255, 16340, -663), (-164, 88, -33)]
[(1255, 16340, -663), (-164, 88, -33)]
[(1228, 16319, -644), (-190, 82, -29)]
[(1228, 16319, -644), (-190, 82, -29)]
[(1228, 16319, -644), (-190, 82, -29)]
[(1228, 16319, -644), (-190, 82, -29)]
[(1210, 16329, -640), (-193, 63, -29)]
[(1210, 16329, -640), (-193, 63, -29)]
[(1159, 16340, -487), (-474, 263, -195)]
[(1070, 16342, -437), (-440, -17, -84)]
[(1070, 16342, -437), (-440, -17, -84)]
[(1070, 16342, -437), (-440, -17, -84)]
[(1070, 16342, -437), (-440, -17, -84)]
[(1028, 16363, -483), (-350, -34, -53)]
[(1028, 16363, -483), (-350, -34, -53)]
[(1028, 16363, -483), (-350, -34, -53)]
[(1028, 16363, -483), (-350, -34, -53)]
[(1086, 16366, -476), (-286, -23, -13)]
[(1118, 16363, -501), (-252, 112, -17)]
[(1118, 16363, -501), (-252, 112, -17)]
[(1118, 16363, -501), (-252, 112, -17)]
[(1118, 16363, -501), (-252, 112, -17)]
[(1160, 16356, -500), (-116, -86, 72)]
[(1160, 16356, -500), (-116, -86, 72)]
[(1160, 16356, -500), (-116, -86, 72)]
[(1160, 16356, -500), (-116, -86, 72)]
[(1160, 16356, -500), (-116, -86, 72)]
[(1160, 16356, -500), (-116, -86, 72)]
[(1160, 16356, -500), (-116, -86, 72)]
[(1172, 16356, -541), (-161, 25, 58)]
[(1172, 16356, -541), (-161, 25, 58)]
[(1204, 16365, -537), (-193, 53, 57)]
[(1204, 16365, -537), (-193, 53, 57)]
[(1204, 16365, -537), (-193, 53, 57)]
[(1204, 16365, -537), (-193, 53, 57)]
[(1221, 16348, -519), (-164, 61, 32)]
[(1184, 16351, -552), (-154, 85, 9)]
[(1184, 16351, -552), (-154, 85, 9)]
[(1184, 16351, -552), (-154, 85, 9)]
[(1184, 16351, -552), (-154, 85, 9)]
[(1184, 16351, -552), (-154, 85, 9)]
[(1184, 16351, -552), (-154, 85, 9)]
[(1139, 16373, -592), (-135, 136, -20)]
[(1139, 16373, -592), (-135, 136, -20)]
[(1132, 16375, -572), (-104, 147, -24)]
[(1111, 16364, -576), (-128, 134, -28)]
[(1111, 16364, -576), (-128, 134, -28)]
[(1111, 16364, -576), (-128, 134, -28)]
[(1111, 16364, -576), (-128, 134, -28)]
[(1120, 16358, -587), (-154, 114, -12)]
[(1120, 16358, -587), (-154, 114, -12)]
[(1120, 16358, -587), (-154, 114, -12)]
[(1120, 16358, -587), (-154, 114, -12)]
[(1120, 16358, -587), (-154, 114, -12)]
[(1120, 16358, -587), (-154, 114, -12)]
[(1120, 16358, -587), (-154, 114, -12)]
[(1100, 16376, -529), (-169, 101, 20)]
[(1100, 16376, -529), (-169, 101, 20)]
[(1123, 16388, -553), (-139, 128, 58)]
[(1123, 16388, -553), (-139, 128, 58)]
[(1123, 16388, -553), (-139, 128, 58)]
[(1123, 16388, -553), (-139, 128, 58)]
[(1123, 16377, -574), (-100, 162, 52)]
[(1128, 16372, -607), (-113, 169, 20)]
[(1128, 16372, -607), (-113, 169, 20)]
[(1128, 16372, -607), (-113, 169, 20)]
[(1128, 16372, -607), (-113, 169, 20)]
[(1128, 16372, -607), (-113, 169, 20)]
[(1128, 16372, -607), (-113, 169, 20)]
[(1129, 16374, -596), (-135, 161, 6)]
[(1129, 16374, -596), (-135, 161, 6)]
[(1129, 16386, -568), (-145, 157, 0)]
[(1129, 16386, -568), (-145, 157, 0)]
[(1123, 16388, -584), (-146, 141, 15)]
[(1123, 16388, -584), (-146, 141, 15)]
[(1123, 16388, -584), (-146, 141, 15)]
[(1115, 16384, -600), (-145, 159, 18)]
[(1115, 16384, -600), (-145, 159, 18)]
[(1115, 16384, -600), (-145, 159, 18)]
[(1126, 16339, -553), (5, 73, 45)]
[(1126, 16339, -553), (5, 73, 45)]
[(1151, 16364, -568), (22, 37, 64)]
[(1151, 16364, -568), (22, 37, 64)]
[(1151, 16364, -568), (22, 37, 64)]
[(1151, 16364, -568), (22, 37, 64)]
[(1149, 16367, -581), (-15, 11, 71)]
[(1149, 16367, -581), (-15, 11, 71)]
[(1149, 16367, -581), (-15, 11, 71)]
[(1135, 16352, -577), (-21, 38, 43)]
[(1141, 16360, -570), (-37, 68, 33)]
[(1141, 16360, -570), (-37, 68, 33)]
[(1141, 16360, -570), (-37, 68, 33)]
[(1141, 16360, -570), (-37, 68, 33)]
[(1143, 16362, -572), (-6, 81, 26)]
[(1143, 16362, -572), (-6, 81, 26)]
[(1143, 16362, -572), (-6, 81, 26)]
[(1143, 16362, -572), (-6, 81, 26)]
[(1149, 16366, -567), (-14, 37, 29)]
[(1140, 16377, -551), (-42, 31, 11)]
[(1140, 16377, -551), (-42, 31, 11)]
[(1140, 16377, -551), (-42, 31, 11)]
[(1140, 16377, -551), (-42, 31, 11)]
[(1130, 16381, -567), (-93, 42, -8)]
[(1130, 16381, -567), (-93, 42, -8)]
[(1130, 16381, -567), (-93, 42, -8)]
[(1130, 16381, -567), (-93, 42, -8)]
[(1130, 16381, -567), (-93, 42, -8)]
[(1130, 16381, -567), (-93, 42, -8)]
[(1130, 16381, -567), (-93, 42, -8)]
[(1117, 16372, -571), (-161, 40, -3)]
[(1117, 16372, -571), (-161, 40, -3)]