[(-15618, 1948, -4785), (-35, 173, 19)]
[(-15609, 1934, -4796), (-52, 192, -12)]
[(-15609, 1934, -4796), (-52, 192, -12)]
[(-15609, 1934, -4796), (-52, 192, -12)]
[(-15602, 1911, -4760), (-74, 186, -31)]
[(-15602, 1911, -4760), (-74, 186, -31)]
[(-15602, 1911, -4760), (-74, 186, -31)]
[(-15602, 1911, -4760), (-74, 186, -31)]
[(-15602, 1911, -4760), (-74, 186, -31)]
[(-15612, 1899, -4800), (-126, 203, -42)]
[(-15612, 1899, -4800), (-126, 203, -42)]
[(-15612, 1899, -4800), (-126, 203, -42)]
[(-15612, 1899, -4800), (-126, 203, -42)]
[(-15612, 1899, -4800), (-126, 203, -42)]
[(-15612, 1899, -4800), (-126, 203, -42)]
[(-15623, 1900, -4793), (-115, 211, 16)]
[(-15623, 1900, -4793), (-115, 211, 16)]
[(-15623, 1900, -4793), (-115, 211, 16)]
[(-15623, 1900, -4793), (-115, 211, 16)]
[(-15623, 1900, -4793), (-115, 211, 16)]
[(-15623, 1900, -4793), (-115, 211, 16)]
[(-15623, 1900, -4793), (-115, 211, 16)]
[(-15640, 1889, -4787), (-76, 195, 2)]
[(-15640, 1889, -4787), (-76, 195, 2)]
[(-15640, 1889, -4787), (-76, 195, 2)]
[(-15640, 1889, -4787), (-76, 195, 2)]
[(-15640, 1889, -4787), (-76, 195, 2)]
[(-15635, 1896, -4793), (-129, 180, 23)]
[(-15635, 1896, -4793), (-129, 180, 23)]
[(-15635, 1896, -4793), (-129, 180, 23)]
[(-15635, 1896, -4793), (-129, 180, 23)]
[(-15635, 1896, -4793), (-129, 180, 23)]
[(-15635, 1896, -4793), (-129, 180, 23)]
[(-15648, 1934, -4799), (-217, 215, 26)]
[(-15648, 1934, -4799), (-217, 215, 26)]
[(-15648, 1934, -4799), (-217, 215, 26)]
[(-15648, 1934, -4799), (-217, 215, 26)]
[(-15648, 1934, -4799), (-217, 215, 26)]
[(-15648, 1934, -4799), (-217, 215, 26)]
[(-15648, 1934, -4799), (-217, 215, 26)]
[(-15649, 1996, -4810), (-505, 308, -61)]
[(-15649, 1996, -4810), (-505, 308, -61)]
[(-15649, 1996, -4810), (-505, 308, -61)]
[(-15649, 1996, -4810), (-505, 308, -61)]
[(-15649, 1996, -4810), (-505, 308, -61)]
[(-15649, 1996, -4810), (-505, 308, -61)]
[(-15693, 2033, -4904), (-1155, 612, -170)]
[(-15693, 2033, -4904), (-1155, 612, -170)]
[(-15693, 2033, -4904), (-1155, 612, -170)]
[(-15693, 2033, -4904), (-1155, 612, -170)]
[(-15693, 2033, -4904), (-1155, 612, -170)]
[(-15644, 1948, -5008), (-1750, 910, -217)]
[(-15644, 1948, -5008), (-1750, 910, -217)]
[(-15644, 1948, -5008), (-1750, 910, -217)]
[(-15644, 1948, -5008), (-1750, 910, -217)]
[(-15644, 1948, -5008), (-1750, 910, -217)]
[(-15644, 1948, -5008), (-1750, 910, -217)]
[(-15644, 1948, -5008), (-1750, 910, -217)]
[(-15628, 1900, -5080), (-1658, 938, -136)]
[(-15628, 1900, -5080), (-1658, 938, -136)]
[(-15628, 1900, -5080), (-1658, 938, -136)]
[(-15628, 1900, -5080), (-1658, 938, -136)]
[(-15628, 1900, -5080), (-1658, 938, -136)]
[(-15527, 1838, -5111), (-298, 363, -194)]
[(-15527, 1838, -5111), (-298, 363, -194)]
[(-15527, 1838, -5111), (-298, 363, -194)]
[(-15527, 1838, -5111), (-298, 363, -194)]
[(-15527, 1838, -5111), (-298, 363, -194)]
[(-15527, 1838, -5111), (-298, 363, -194)]
[(-15383, 1774, -5261), (-393, 242, -129)]
[(-15383, 1774, -5261), (-393, 242, -129)]
[(-15383, 1774, -5261), (-393, 242, -129)]
[(-15383, 1774, -5261), (-393, 242, -129)]
[(-15383, 1774, -5261), (-393, 242, -129)]
[(-15383, 1774, -5261), (-393, 242, -129)]
[(-15383, 1774, -5261), (-393, 242, -129)]
[(-15461, 1698, -5192), (47, 183, -78)]
[(-15461, 1698, -5192), (47, 183, -78)]
[(-15461, 1698, -5192), (47, 183, -78)]
[(-15461, 1698, -5192), (47, 183, -78)]
[(-15461, 1698, -5192), (47, 183, -78)]
[(-15448, 1668, -5176), (545, 83, 158)]
[(-15448, 1668, -5176), (545, 83, 158)]
[(-15448, 1668, -5176), (545, 83, 158)]
[(-15448, 1668, -5176), (545, 83, 158)]
[(-15448, 1668, -5176), (545, 83, 158)]
[(-15448, 1668, -5176), (545, 83, 158)]
[(-15467, 1711, -5109), (683, 12, 314)]
[(-15467, 1711, -5109), (683, 12, 314)]
[(-15467, 1711, -5109), (683, 12, 314)]
[(-15467, 1711, -5109), (683, 12, 314)]
[(-15467, 1711, -5109), (683, 12, 314)]
[(-15492, 1787, -5063), (711, 24, 315)]
[(-15492, 1787, -5063), (711, 24, 315)]
[(-15492, 1787, -5063), (711, 24, 315)]
[(-15492, 1787, -5063), (711, 24, 315)]
[(-15492, 1787, -5063), (711, 24, 315)]
[(-15492, 1787, -5063), (711, 24, 315)]
[(-15492, 1787, -5063), (711, 24, 315)]
[(-15520, 1782, -5077), (615, 51, 243)]
[(-15520, 1782, -5077), (615, 51, 243)]
[(-15520, 1782, -5077), (615, 51, 243)]
[(-15520, 1782, -5077), (615, 51, 243)]
[(-15520, 1782, -5077), (615, 51, 243)]
[(-15520, 1782, -5077), (615, 51, 243)]
[(-15520, 1782, -5077), (615, 51, 243)]
[(-15520, 1782, -5077), (615, 51, 243)]
[(-15536, 1832, -5063), (453, 177, 173)]
[(-15536, 1832, -5063), (453, 177, 173)]
[(-15536, 1832, -5063), (453, 177, 173)]
[(-15607, 1860, -5092), (-403, 335, -2)]
[(-15607, 1860, -5092), (-403, 335, -2)]
[(-15607, 1860, -5092), (-403, 335, -2)]
[(-15607, 1860, -5092), (-403, 335, -2)]
[(-15607, 1860, -5092), (-403, 335, -2)]
[(-15607, 1860, -5092), (-403, 335, -2)]
[(-15607, 1860, -5092), (-403, 335, -2)]
[(-15587, 1957, -5011), (-800, 248, 263)]
[(-15587, 1957, -5011), (-800, 248, 263)]
[(-15587, 1957, -5011), (-800, 248, 263)]
[(-15587, 1957, -5011), (-800, 248, 263)]
[(-15587, 1957, -5011), (-800, 248, 263)]
[(-15587, 1957, -5011), (-800, 248, 263)]
[(-15570, 1856, -4984), (-678, 298, 75)]
[(-15570, 1856, -4984), (-678, 298, 75)]
[(-15570, 1856, -4984), (-678, 298, 75)]
[(-15570, 1856, -4984), (-678, 298, 75)]
[(-15564, 1876, -5038), (-486, 313, -144)]
[(-15564, 1876, -5038), (-486, 313, -144)]
[(-15564, 1876, -5038), (-486, 313, -144)]
[(-15564, 1876, -5038), (-486, 313, -144)]
[(-15564, 1876, -5038), (-486, 313, -144)]
[(-15564, 1876, -5038), (-486, 313, -144)]
[(-15571, 1970, -5015), (-409, 267, -114)]
[(-15571, 1970, -5015), (-409, 267, -114)]
[(-15571, 1970, -5015), (-409, 267, -114)]
[(-15571, 1970, -5015), (-409, 267, -114)]
[(-15571, 1970, -5015), (-409, 267, -114)]
[(-15571, 1970, -5015), (-409, 267, -114)]
[(-15599, 1935, -4961), (-561, 248, 93)]
[(-15599, 1935, -4961), (-561, 248, 93)]
[(-15599, 1935, -4961), (-561, 248, 93)]
[(-15599, 1935, -4961), (-561, 248, 93)]
[(-15599, 1935, -4961), (-561, 248, 93)]
[(-15588, 1952, -4941), (-348, 135, -252)]
[(-15588, 1952, -4941), (-348, 135, -252)]
[(-15588, 1952, -4941), (-348, 135, -252)]
[(-15588, 1952, -4941), (-348, 135, -252)]
[(-15588, 1952, -4941), (-348, 135, -252)]
[(-15588, 1952, -4941), (-348, 135, -252)]
[(-15588, 1952, -4941), (-348, 135, -252)]