[(-15673, 1084, -4812), (-84, 220, 2)]
[(-15676, 1070, -4832), (-67, 222, -12)]
[(-15676, 1070, -4832), (-67, 222, -12)]
[(-15676, 1070, -4832), (-67, 222, -12)]
[(-15657, 1026, -4855), (-35, 182, 26)]
[(-15657, 1026, -4855), (-35, 182, 26)]
[(-15657, 1026, -4855), (-35, 182, 26)]
[(-15657, 1026, -4855), (-35, 182, 26)]
[(-15657, 1026, -4855), (-35, 182, 26)]
[(-15657, 1026, -4855), (-35, 182, 26)]
[(-15656, 1046, -4882), (-7, 180, 11)]
[(-15656, 1046, -4882), (-7, 180, 11)]
[(-15656, 1046, -4882), (-7, 180, 11)]
[(-15656, 1046, -4882), (-7, 180, 11)]
[(-15656, 1046, -4882), (-7, 180, 11)]
[(-15648, 1046, -4900), (-32, 183, 38)]
[(-15648, 1046, -4900), (-32, 183, 38)]
[(-15648, 1046, -4900), (-32, 183, 38)]
[(-15648, 1046, -4900), (-32, 183, 38)]
[(-15648, 1046, -4900), (-32, 183, 38)]
[(-15648, 1046, -4900), (-32, 183, 38)]
[(-15648, 1046, -4900), (-32, 183, 38)]
[(-15648, 1046, -4900), (-32, 183, 38)]
[(-15643, 1048, -4885), (-31, 163, 58)]
[(-15643, 1048, -4885), (-31, 163, 58)]
[(-15643, 1048, -4885), (-31, 163, 58)]
[(-15643, 1048, -4885), (-31, 163, 58)]
[(-15643, 1048, -4885), (-31, 163, 58)]
[(-15639, 1052, -4892), (-53, 159, 72)]
[(-15639, 1052, -4892), (-53, 159, 72)]
[(-15639, 1052, -4892), (-53, 159, 72)]
[(-15639, 1052, -4892), (-53, 159, 72)]
[(-15639, 1052, -4892), (-53, 159, 72)]
[(-15647, 1042, -4866), (-84, 147, 62)]
[(-15647, 1042, -4866), (-84, 147, 62)]
[(-15647, 1042, -4866), (-84, 147, 62)]
[(-15647, 1042, -4866), (-84, 147, 62)]
[(-15647, 1042, -4866), (-84, 147, 62)]
[(-15647, 1042, -4866), (-84, 147, 62)]
[(-15634, 1052, -4845), (-446, 237, 45)]
[(-15634, 1052, -4845), (-446, 237, 45)]
[(-15634, 1052, -4845), (-446, 237, 45)]
[(-15634, 1052, -4845), (-446, 237, 45)]
[(-15634, 1052, -4845), (-446, 237, 45)]
[(-15640, 1052, -4827), (-662, 322, 61)]
[(-15640, 1052, -4827), (-662, 322, 61)]
[(-15640, 1052, -4827), (-662, 322, 61)]
[(-15640, 1052, -4827), (-662, 322, 61)]
[(-15640, 1052, -4827), (-662, 322, 61)]
[(-15640, 1052, -4827), (-662, 322, 61)]
[(-15640, 1052, -4827), (-662, 322, 61)]
[(-15640, 1052, -4827), (-662, 322, 61)]
[(-15606, 1088, -4888), (-654, 411, 23)]
[(-15606, 1088, -4888), (-654, 411, 23)]
[(-15606, 1088, -4888), (-654, 411, 23)]
[(-15606, 1088, -4888), (-654, 411, 23)]
[(-15606, 1088, -4888), (-654, 411, 23)]
[(-15584, 1119, -4888), (-836, 480, 48)]
[(-15584, 1119, -4888), (-836, 480, 48)]
[(-15584, 1119, -4888), (-836, 480, 48)]
[(-15584, 1119, -4888), (-836, 480, 48)]
[(-15584, 1119, -4888), (-836, 480, 48)]
[(-15578, 1149, -4926), (-596, 293, 49)]
[(-15578, 1149, -4926), (-596, 293, 49)]
[(-15578, 1149, -4926), (-596, 293, 49)]
[(-15578, 1149, -4926), (-596, 293, 49)]
[(-15578, 1149, -4926), (-596, 293, 49)]
[(-15578, 1149, -4926), (-596, 293, 49)]
[(-15578, 1149, -4926), (-596, 293, 49)]
[(-15578, 1149, -4926), (-596, 293, 49)]
[(-15588, 1138, -4890), (134, -89, 17)]
[(-15588, 1138, -4890), (134, -89, 17)]
[(-15588, 1138, -4890), (134, -89, 17)]
[(-15588, 1138, -4890), (134, -89, 17)]
[(-15588, 1138, -4890), (134, -89, 17)]
[(-15721, 1045, -4771), (1327, -221, 250)]
[(-15721, 1045, -4771), (1327, -221, 250)]
[(-15721, 1045, -4771), (1327, -221, 250)]
[(-15721, 1045, -4771), (1327, -221, 250)]
[(-15721, 1045, -4771), (1327, -221, 250)]
[(-15730, 1103, -4759), (1289, -120, 239)]
[(-15730, 1103, -4759), (1289, -120, 239)]
[(-15730, 1103, -4759), (1289, -120, 239)]
[(-15730, 1103, -4759), (1289, -120, 239)]
[(-15730, 1103, -4759), (1289, -120, 239)]
[(-15730, 1103, -4759), (1289, -120, 239)]
[(-15730, 1103, -4759), (1289, -120, 239)]
[(-15730, 1103, -4759), (1289, -120, 239)]
[(-15668, 1079, -4829), (959, -143, 189)]
[(-15668, 1079, -4829), (959, -143, 189)]
[(-15668, 1079, -4829), (959, -143, 189)]
[(-15668, 1079, -4829), (959, -143, 189)]
[(-15668, 1079, -4829), (959, -143, 189)]
[(-15658, 1044, -4852), (693, -112, 142)]
[(-15658, 1044, -4852), (693, -112, 142)]
[(-15658, 1044, -4852), (693, -112, 142)]
[(-15658, 1044, -4852), (693, -112, 142)]
[(-15658, 1044, -4852), (693, -112, 142)]
[(-15658, 1044, -4852), (693, -112, 142)]
[(-15658, 1044, -4852), (693, -112, 142)]
[(-15645, 1011, -4880), (487, -114, 190)]
[(-15645, 1011, -4880), (487, -114, 190)]
[(-15645, 1011, -4880), (487, -114, 190)]
[(-15644, 1078, -4888), (152, -12, 332)]
[(-15644, 1078, -4888), (152, -12, 332)]
[(-15644, 1078, -4888), (152, -12, 332)]
[(-15644, 1078, -4888), (152, -12, 332)]
[(-15644, 1078, -4888), (152, -12, 332)]
[(-15644, 1078, -4888), (152, -12, 332)]
[(-15644, 1078, -4888), (152, -12, 332)]
[(-15644, 1078, -4888), (152, -12, 332)]
[(-15654, 1170, -4886), (-267, 29, 443)]
[(-15654, 1170, -4886), (-267, 29, 443)]
[(-15654, 1170, -4886), (-267, 29, 443)]
[(-15678, 1095, -4902), (-17, -36, 160)]
[(-15678, 1095, -4902), (-17, -36, 160)]
[(-15678, 1095, -4902), (-17, -36, 160)]
[(-15678, 1095, -4902), (-17, -36, 160)]
[(-15678, 1095, -4902), (-17, -36, 160)]
[(-15678, 1095, -4902), (-17, -36, 160)]
[(-15678, 1095, -4902), (-17, -36, 160)]
[(-15678, 1095, -4902), (-17, -36, 160)]
[(-15678, 1095, -4902), (-17, -36, 160)]
[(-15664, 1128, -4929), (-34, 29, 153)]
[(-15664, 1128, -4929), (-34, 29, 153)]
[(-15664, 1128, -4929), (-34, 29, 153)]