[(-15101, 5428, -3116), (-133, 439, 8)]
[(-15096, 5412, -3141), (-151, 537, 18)]
[(-15096, 5412, -3141), (-151, 537, 18)]
[(-15096, 5412, -3141), (-151, 537, 18)]
[(-15096, 5412, -3141), (-151, 537, 18)]
[(-15103, 5403, -3162), (-147, 519, 9)]
[(-15103, 5403, -3162), (-147, 519, 9)]
[(-15103, 5403, -3162), (-147, 519, 9)]
[(-15103, 5403, -3162), (-147, 519, 9)]
[(-15103, 5403, -3162), (-147, 519, 9)]
[(-15103, 5403, -3162), (-147, 519, 9)]
[(-15103, 5403, -3162), (-147, 519, 9)]
[(-15116, 5412, -3196), (-108, 482, 5)]
[(-15116, 5412, -3196), (-108, 482, 5)]
[(-15116, 5412, -3196), (-108, 482, 5)]
[(-15116, 5412, -3196), (-108, 482, 5)]
[(-15116, 5412, -3196), (-108, 482, 5)]
[(-15116, 5412, -3196), (-108, 482, 5)]
[(-15096, 5374, -3188), (-98, 445, 5)]
[(-15096, 5374, -3188), (-98, 445, 5)]
[(-15096, 5374, -3188), (-98, 445, 5)]
[(-15096, 5374, -3188), (-98, 445, 5)]
[(-15096, 5374, -3188), (-98, 445, 5)]
[(-15100, 5379, -3193), (-91, 443, 18)]
[(-15100, 5379, -3193), (-91, 443, 18)]
[(-15100, 5379, -3193), (-91, 443, 18)]
[(-15100, 5379, -3193), (-91, 443, 18)]
[(-15100, 5379, -3193), (-91, 443, 18)]
[(-15100, 5379, -3193), (-91, 443, 18)]
[(-15100, 5379, -3193), (-91, 443, 18)]
[(-15104, 5384, -3204), (-126, 434, 22)]
[(-15104, 5384, -3204), (-126, 434, 22)]
[(-15104, 5384, -3204), (-126, 434, 22)]
[(-15104, 5384, -3204), (-126, 434, 22)]
[(-15104, 5384, -3204), (-126, 434, 22)]
[(-15104, 5384, -3204), (-126, 434, 22)]
[(-15103, 5405, -3199), (-156, 431, 12)]
[(-15103, 5405, -3199), (-156, 431, 12)]
[(-15103, 5405, -3199), (-156, 431, 12)]
[(-15103, 5405, -3199), (-156, 431, 12)]
[(-15103, 5405, -3199), (-156, 431, 12)]
[(-15096, 5400, -3216), (-168, 426, 24)]
[(-15096, 5400, -3216), (-168, 426, 24)]
[(-15096, 5400, -3216), (-168, 426, 24)]
[(-15096, 5400, -3216), (-168, 426, 24)]
[(-15096, 5400, -3216), (-168, 426, 24)]
[(-15096, 5400, -3216), (-168, 426, 24)]
[(-15096, 5400, -3216), (-168, 426, 24)]
[(-15100, 5420, -3180), (-210, 411, 30)]
[(-15100, 5420, -3180), (-210, 411, 30)]
[(-15100, 5420, -3180), (-210, 411, 30)]
[(-15100, 5420, -3180), (-210, 411, 30)]
[(-15100, 5420, -3180), (-210, 411, 30)]
[(-15100, 5420, -3180), (-210, 411, 30)]
[(-15085, 5428, -3174), (-249, 422, 47)]
[(-15085, 5428, -3174), (-249, 422, 47)]
[(-15085, 5428, -3174), (-249, 422, 47)]
[(-15085, 5428, -3174), (-249, 422, 47)]
[(-15085, 5428, -3174), (-249, 422, 47)]
[(-15102, 5420, -3156), (-243, 425, 35)]
[(-15102, 5420, -3156), (-243, 425, 35)]
[(-15102, 5420, -3156), (-243, 425, 35)]
[(-15102, 5420, -3156), (-243, 425, 35)]
[(-15102, 5420, -3156), (-243, 425, 35)]
[(-15102, 5420, -3156), (-243, 425, 35)]
[(-15102, 5420, -3156), (-243, 425, 35)]
[(-15076, 5432, -3160), (-225, 413, 26)]
[(-15076, 5432, -3160), (-225, 413, 26)]
[(-15076, 5432, -3160), (-225, 413, 26)]
[(-15076, 5432, -3160), (-225, 413, 26)]
[(-15076, 5432, -3160), (-225, 413, 26)]
[(-15076, 5432, -3160), (-225, 413, 26)]
[(-15087, 5439, -3160), (-208, 384, 17)]
[(-15087, 5439, -3160), (-208, 384, 17)]
[(-15087, 5439, -3160), (-208, 384, 17)]
[(-15087, 5439, -3160), (-208, 384, 17)]
[(-15087, 5439, -3160), (-208, 384, 17)]
[(-15096, 5432, -3178), (-160, 388, 8)]
[(-15096, 5432, -3178), (-160, 388, 8)]
[(-15096, 5432, -3178), (-160, 388, 8)]
[(-15096, 5432, -3178), (-160, 388, 8)]
[(-15096, 5432, -3178), (-160, 388, 8)]
[(-15096, 5432, -3178), (-160, 388, 8)]
[(-15096, 5432, -3178), (-160, 388, 8)]
[(-15091, 5435, -3201), (-137, 388, -2)]
[(-15091, 5435, -3201), (-137, 388, -2)]
[(-15091, 5435, -3201), (-137, 388, -2)]
[(-15091, 5435, -3201), (-137, 388, -2)]
[(-15091, 5435, -3201), (-137, 388, -2)]
[(-15091, 5435, -3201), (-137, 388, -2)]
[(-15103, 5419, -3184), (-133, 387, -2)]
[(-15103, 5419, -3184), (-133, 387, -2)]
[(-15103, 5419, -3184), (-133, 387, -2)]
[(-15103, 5419, -3184), (-133, 387, -2)]
[(-15103, 5419, -3184), (-133, 387, -2)]
[(-15103, 5419, -3184), (-133, 387, -2)]
[(-15103, 5419, -3184), (-133, 387, -2)]
[(-15115, 5403, -3188), (-129, 388, -6)]
[(-15115, 5403, -3188), (-129, 388, -6)]
[(-15115, 5403, -3188), (-129, 388, -6)]
[(-15115, 5403, -3188), (-129, 388, -6)]
[(-15115, 5403, -3188), (-129, 388, -6)]
[(-15108, 5399, -3201), (-130, 375, 0)]
[(-15108, 5399, -3201), (-130, 375, 0)]
[(-15108, 5399, -3201), (-130, 375, 0)]
[(-15108, 5399, -3201), (-130, 375, 0)]
[(-15108, 5399, -3201), (-130, 375, 0)]
[(-15104, 5389, -3192), (-164, 360, 1)]
[(-15104, 5389, -3192), (-164, 360, 1)]
[(-15104, 5389, -3192), (-164, 360, 1)]
[(-15104, 5389, -3192), (-164, 360, 1)]
[(-15104, 5389, -3192), (-164, 360, 1)]
[(-15104, 5390, -3169), (-176, 366, 0)]
[(-15104, 5390, -3169), (-176, 366, 0)]
[(-15104, 5390, -3169), (-176, 366, 0)]
[(-15104, 5390, -3169), (-176, 366, 0)]
[(-15104, 5390, -3169), (-176, 366, 0)]
[(-15104, 5390, -3169), (-176, 366, 0)]
[(-15104, 5390, -3169), (-176, 366, 0)]
[(-15120, 5416, -3146), (-163, 365, -2)]
[(-15120, 5416, -3146), (-163, 365, -2)]
[(-15120, 5416, -3146), (-163, 365, -2)]
[(-15120, 5416, -3146), (-163, 365, -2)]
[(-15120, 5416, -3146), (-163, 365, -2)]
[(-15120, 5416, -3146), (-163, 365, -2)]
[(-15107, 5409, -3140), (-196, 364, 9)]
[(-15107, 5409, -3140), (-196, 364, 9)]
[(-15107, 5409, -3140), (-196, 364, 9)]
[(-15107, 5409, -3140), (-196, 364, 9)]
[(-15107, 5409, -3140), (-196, 364, 9)]
[(-15100, 5409, -3144), (-185, 365, 13)]