[(-15203, 5037, -3176), (-142, 386, -36)]
[(-15227, 4984, -3120), (-153, 391, -16)]
[(-15227, 4984, -3120), (-153, 391, -16)]
[(-15227, 4984, -3120), (-153, 391, -16)]
[(-15230, 4974, -3128), (-189, 409, -7)]
[(-15230, 4974, -3128), (-189, 409, -7)]
[(-15230, 4974, -3128), (-189, 409, -7)]
[(-15230, 4974, -3128), (-189, 409, -7)]
[(-15230, 4974, -3128), (-189, 409, -7)]
[(-15230, 4974, -3128), (-189, 409, -7)]
[(-15230, 4974, -3128), (-189, 409, -7)]
[(-15228, 4969, -3116), (-178, 405, 5)]
[(-15228, 4969, -3116), (-178, 405, 5)]
[(-15228, 4969, -3116), (-178, 405, 5)]
[(-15228, 4969, -3116), (-178, 405, 5)]
[(-15228, 4969, -3116), (-178, 405, 5)]
[(-15228, 4969, -3116), (-178, 405, 5)]
[(-15266, 4967, -3112), (-185, 400, 8)]
[(-15266, 4967, -3112), (-185, 400, 8)]
[(-15266, 4967, -3112), (-185, 400, 8)]
[(-15266, 4967, -3112), (-185, 400, 8)]
[(-15266, 4967, -3112), (-185, 400, 8)]
[(-15264, 4964, -3074), (-175, 415, 14)]
[(-15264, 4964, -3074), (-175, 415, 14)]
[(-15264, 4964, -3074), (-175, 415, 14)]
[(-15264, 4964, -3074), (-175, 415, 14)]
[(-15264, 4964, -3074), (-175, 415, 14)]
[(-15264, 4964, -3074), (-175, 415, 14)]
[(-15264, 4964, -3074), (-175, 415, 14)]
[(-15258, 4976, -3108), (-139, 428, 31)]
[(-15258, 4976, -3108), (-139, 428, 31)]
[(-15258, 4976, -3108), (-139, 428, 31)]
[(-15258, 4976, -3108), (-139, 428, 31)]
[(-15258, 4976, -3108), (-139, 428, 31)]
[(-15258, 4976, -3108), (-139, 428, 31)]
[(-15249, 4999, -3101), (-144, 452, 22)]
[(-15249, 4999, -3101), (-144, 452, 22)]
[(-15249, 4999, -3101), (-144, 452, 22)]
[(-15249, 4999, -3101), (-144, 452, 22)]
[(-15249, 4999, -3101), (-144, 452, 22)]
[(-15243, 5003, -3131), (-116, 444, 31)]
[(-15243, 5003, -3131), (-116, 444, 31)]
[(-15243, 5003, -3131), (-116, 444, 31)]
[(-15243, 5003, -3131), (-116, 444, 31)]
[(-15243, 5003, -3131), (-116, 444, 31)]
[(-15243, 5003, -3131), (-116, 444, 31)]
[(-15243, 5003, -3131), (-116, 444, 31)]
[(-15244, 5020, -3140), (-116, 407, 36)]
[(-15244, 5020, -3140), (-116, 407, 36)]
[(-15244, 5020, -3140), (-116, 407, 36)]
[(-15244, 5020, -3140), (-116, 407, 36)]
[(-15244, 5020, -3140), (-116, 407, 36)]
[(-15244, 5020, -3140), (-116, 407, 36)]
[(-15228, 5024, -3168), (-122, 402, 45)]
[(-15228, 5024, -3168), (-122, 402, 45)]
[(-15228, 5024, -3168), (-122, 402, 45)]
[(-15228, 5024, -3168), (-122, 402, 45)]
[(-15228, 5024, -3168), (-122, 402, 45)]
[(-15238, 5012, -3165), (-140, 408, 47)]
[(-15238, 5012, -3165), (-140, 408, 47)]
[(-15238, 5012, -3165), (-140, 408, 47)]
[(-15238, 5012, -3165), (-140, 408, 47)]
[(-15238, 5012, -3165), (-140, 408, 47)]
[(-15238, 5012, -3165), (-140, 408, 47)]
[(-15238, 5012, -3165), (-140, 408, 47)]
[(-15212, 5020, -3193), (-171, 417, 48)]
[(-15212, 5020, -3193), (-171, 417, 48)]
[(-15212, 5020, -3193), (-171, 417, 48)]
[(-15212, 5020, -3193), (-171, 417, 48)]
[(-15212, 5020, -3193), (-171, 417, 48)]
[(-15212, 5020, -3193), (-171, 417, 48)]
[(-15216, 5020, -3177), (-202, 406, 32)]
[(-15216, 5020, -3177), (-202, 406, 32)]
[(-15216, 5020, -3177), (-202, 406, 32)]
[(-15216, 5020, -3177), (-202, 406, 32)]
[(-15216, 5020, -3177), (-202, 406, 32)]
[(-15224, 5004, -3167), (-177, 417, 36)]
[(-15224, 5004, -3167), (-177, 417, 36)]
[(-15224, 5004, -3167), (-177, 417, 36)]
[(-15224, 5004, -3167), (-177, 417, 36)]
[(-15224, 5004, -3167), (-177, 417, 36)]
[(-15224, 5004, -3167), (-177, 417, 36)]
[(-15224, 5004, -3167), (-177, 417, 36)]
[(-15209, 5013, -3158), (-164, 410, 47)]
[(-15209, 5013, -3158), (-164, 410, 47)]
[(-15209, 5013, -3158), (-164, 410, 47)]
[(-15209, 5013, -3158), (-164, 410, 47)]
[(-15209, 5013, -3158), (-164, 410, 47)]
[(-15209, 5013, -3158), (-164, 410, 47)]
[(-15216, 5028, -3164), (-175, 418, 35)]
[(-15216, 5028, -3164), (-175, 418, 35)]
[(-15216, 5028, -3164), (-175, 418, 35)]
[(-15216, 5028, -3164), (-175, 418, 35)]
[(-15216, 5028, -3164), (-175, 418, 35)]
[(-15213, 4992, -3196), (-177, 431, 23)]
[(-15213, 4992, -3196), (-177, 431, 23)]
[(-15213, 4992, -3196), (-177, 431, 23)]
[(-15213, 4992, -3196), (-177, 431, 23)]
[(-15213, 4992, -3196), (-177, 431, 23)]
[(-15213, 4992, -3196), (-177, 431, 23)]
[(-15240, 5000, -3215), (-199, 419, 39)]
[(-15240, 5000, -3215), (-199, 419, 39)]
[(-15240, 5000, -3215), (-199, 419, 39)]
[(-15240, 5000, -3215), (-199, 419, 39)]
[(-15240, 5000, -3215), (-199, 419, 39)]
[(-15240, 5000, -3215), (-199, 419, 39)]
[(-15240, 5000, -3215), (-199, 419, 39)]
[(-15213, 5004, -3228), (-198, 432, 41)]
[(-15213, 5004, -3228), (-198, 432, 41)]
[(-15213, 5004, -3228), (-198, 432, 41)]
[(-15213, 5004, -3228), (-198, 432, 41)]
[(-15213, 5004, -3228), (-198, 432, 41)]
[(-15216, 4988, -3204), (-174, 429, 37)]
[(-15216, 4988, -3204), (-174, 429, 37)]
[(-15216, 4988, -3204), (-174, 429, 37)]
[(-15216, 4988, -3204), (-174, 429, 37)]
[(-15216, 4988, -3204), (-174, 429, 37)]
[(-15236, 4998, -3227), (-163, 423, 19)]
[(-15236, 4998, -3227), (-163, 423, 19)]
[(-15236, 4998, -3227), (-163, 423, 19)]
[(-15236, 4998, -3227), (-163, 423, 19)]
[(-15236, 4998, -3227), (-163, 423, 19)]
[(-15236, 4998, -3227), (-163, 423, 19)]
[(-15236, 4997, -3221), (-191, 400, 20)]
[(-15236, 4997, -3221), (-191, 400, 20)]
[(-15236, 4997, -3221), (-191, 400, 20)]
[(-15236, 4997, -3221), (-191, 400, 20)]
[(-15236, 4997, -3221), (-191, 400, 20)]
[(-15233, 4988, -3190), (-166, 361, 17)]
[(-15233, 4988, -3190), (-166, 361, 17)]
[(-15233, 4988, -3190), (-166, 361, 17)]
[(-15233, 4988, -3190), (-166, 361, 17)]
[(-15233, 4988, -3190), (-166, 361, 17)]
[(-15233, 4988, -3190), (-166, 361, 17)]
[(-15230, 4981, -3192), (-193, 362, 7)]
[(-15230, 4981, -3192), (-193, 362, 7)]
[(-15230, 4981, -3192), (-193, 362, 7)]
[(-15230, 4981, -3192), (-193, 362, 7)]
[(-15230, 4981, -3192), (-193, 362, 7)]
[(-15230, 4981, -3192), (-193, 362, 7)]
[(-15230, 4981, -3192), (-193, 362, 7)]
[(-15232, 4989, -3188), (-190, 364, 18)]
[(-15232, 4989, -3188), (-190, 364, 18)]