[(-15408, 4596, -2632), (-166, 399, 10)]
[(-15405, 4598, -2626), (-141, 413, 24)]
[(-15417, 4578, -2588), (-131, 429, 36)]
[(-15417, 4578, -2588), (-131, 429, 36)]
[(-15417, 4578, -2588), (-131, 429, 36)]
[(-15417, 4578, -2588), (-131, 429, 36)]
[(-15417, 4578, -2588), (-131, 429, 36)]
[(-15399, 4582, -2592), (-113, 447, 41)]
[(-15399, 4582, -2592), (-113, 447, 41)]
[(-15399, 4582, -2592), (-113, 447, 41)]
[(-15399, 4582, -2592), (-113, 447, 41)]
[(-15399, 4582, -2592), (-113, 447, 41)]
[(-15399, 4582, -2592), (-113, 447, 41)]
[(-15411, 4592, -2585), (-140, 437, 54)]
[(-15411, 4592, -2585), (-140, 437, 54)]
[(-15411, 4592, -2585), (-140, 437, 54)]
[(-15411, 4592, -2585), (-140, 437, 54)]
[(-15411, 4592, -2585), (-140, 437, 54)]
[(-15404, 4612, -2586), (-131, 382, 54)]
[(-15404, 4612, -2586), (-131, 382, 54)]
[(-15404, 4612, -2586), (-131, 382, 54)]
[(-15404, 4612, -2586), (-131, 382, 54)]
[(-15404, 4612, -2586), (-131, 382, 54)]
[(-15404, 4612, -2586), (-131, 382, 54)]
[(-15404, 4612, -2586), (-131, 382, 54)]
[(-15404, 4612, -2586), (-131, 382, 54)]
[(-15404, 4618, -2610), (-149, 387, 42)]
[(-15404, 4618, -2610), (-149, 387, 42)]
[(-15404, 4618, -2610), (-149, 387, 42)]
[(-15404, 4618, -2610), (-149, 387, 42)]
[(-15404, 4618, -2610), (-149, 387, 42)]
[(-15387, 4608, -2608), (-156, 387, 36)]
[(-15387, 4608, -2608), (-156, 387, 36)]
[(-15387, 4608, -2608), (-156, 387, 36)]
[(-15387, 4608, -2608), (-156, 387, 36)]
[(-15387, 4608, -2608), (-156, 387, 36)]
[(-15400, 4603, -2592), (-197, 402, 25)]
[(-15400, 4603, -2592), (-197, 402, 25)]
[(-15400, 4603, -2592), (-197, 402, 25)]
[(-15400, 4603, -2592), (-197, 402, 25)]
[(-15400, 4603, -2592), (-197, 402, 25)]
[(-15400, 4603, -2592), (-197, 402, 25)]
[(-15400, 4603, -2592), (-197, 402, 25)]
[(-15400, 4603, -2592), (-197, 402, 25)]
[(-15396, 4614, -2611), (-179, 411, 30)]
[(-15396, 4614, -2611), (-179, 411, 30)]
[(-15396, 4614, -2611), (-179, 411, 30)]
[(-15396, 4614, -2611), (-179, 411, 30)]
[(-15396, 4614, -2611), (-179, 411, 30)]
[(-15404, 4629, -2653), (-200, 440, 48)]
[(-15404, 4629, -2653), (-200, 440, 48)]
[(-15404, 4629, -2653), (-200, 440, 48)]
[(-15404, 4629, -2653), (-200, 440, 48)]
[(-15404, 4629, -2653), (-200, 440, 48)]
[(-15407, 4620, -2643), (-252, 472, 53)]
[(-15407, 4620, -2643), (-252, 472, 53)]
[(-15407, 4620, -2643), (-252, 472, 53)]
[(-15407, 4620, -2643), (-252, 472, 53)]
[(-15407, 4620, -2643), (-252, 472, 53)]
[(-15407, 4620, -2643), (-252, 472, 53)]
[(-15407, 4620, -2643), (-252, 472, 53)]
[(-15407, 4620, -2643), (-252, 472, 53)]
[(-15409, 4615, -2661), (-204, 403, 51)]
[(-15409, 4615, -2661), (-204, 403, 51)]
[(-15409, 4615, -2661), (-204, 403, 51)]
[(-15409, 4615, -2661), (-204, 403, 51)]
[(-15409, 4615, -2661), (-204, 403, 51)]
[(-15409, 4615, -2661), (-204, 403, 51)]
[(-15409, 4615, -2661), (-204, 403, 51)]
[(-15399, 4624, -2657), (-189, 385, 43)]
[(-15399, 4624, -2657), (-189, 385, 43)]
[(-15399, 4624, -2657), (-189, 385, 43)]
[(-15412, 4633, -2656), (-194, 390, 40)]
[(-15412, 4633, -2656), (-194, 390, 40)]
[(-15412, 4633, -2656), (-194, 390, 40)]
[(-15412, 4633, -2656), (-194, 390, 40)]
[(-15412, 4633, -2656), (-194, 390, 40)]
[(-15412, 4633, -2656), (-194, 390, 40)]
[(-15412, 4633, -2656), (-194, 390, 40)]
[(-15412, 4633, -2656), (-194, 390, 40)]
[(-15404, 4645, -2673), (-181, 383, 23)]
[(-15404, 4645, -2673), (-181, 383, 23)]
[(-15404, 4645, -2673), (-181, 383, 23)]
[(-15404, 4645, -2673), (-181, 383, 23)]
[(-15404, 4645, -2673), (-181, 383, 23)]
[(-15396, 4648, -2677), (-172, 369, 24)]
[(-15396, 4648, -2677), (-172, 369, 24)]
[(-15396, 4648, -2677), (-172, 369, 24)]
[(-15396, 4648, -2677), (-172, 369, 24)]
[(-15396, 4648, -2677), (-172, 369, 24)]
[(-15396, 4643, -2663), (-175, 365, 25)]
[(-15396, 4643, -2663), (-175, 365, 25)]
[(-15396, 4643, -2663), (-175, 365, 25)]
[(-15396, 4643, -2663), (-175, 365, 25)]
[(-15396, 4643, -2663), (-175, 365, 25)]
[(-15396, 4643, -2663), (-175, 365, 25)]
[(-15396, 4643, -2663), (-175, 365, 25)]
[(-15396, 4643, -2663), (-175, 365, 25)]
[(-15379, 4640, -2634), (-134, 356, 22)]
[(-15379, 4640, -2634), (-134, 356, 22)]
[(-15379, 4640, -2634), (-134, 356, 22)]
[(-15379, 4640, -2634), (-134, 356, 22)]
[(-15379, 4640, -2634), (-134, 356, 22)]
[(-15352, 4642, -2643), (-129, 361, 28)]
[(-15352, 4642, -2643), (-129, 361, 28)]
[(-15352, 4642, -2643), (-129, 361, 28)]
[(-15352, 4642, -2643), (-129, 361, 28)]
[(-15352, 4642, -2643), (-129, 361, 28)]
[(-15364, 4636, -2642), (-156, 361, 15)]
[(-15364, 4636, -2642), (-156, 361, 15)]
[(-15364, 4636, -2642), (-156, 361, 15)]
[(-15364, 4636, -2642), (-156, 361, 15)]
[(-15364, 4636, -2642), (-156, 361, 15)]
[(-15364, 4636, -2642), (-156, 361, 15)]
[(-15364, 4636, -2642), (-156, 361, 15)]
[(-15364, 4636, -2642), (-156, 361, 15)]
[(-15368, 4642, -2593), (-145, 361, 14)]
[(-15368, 4642, -2593), (-145, 361, 14)]
[(-15368, 4642, -2593), (-145, 361, 14)]
[(-15368, 4642, -2593), (-145, 361, 14)]
[(-15368, 4642, -2593), (-145, 361, 14)]
[(-15382, 4653, -2611), (-155, 357, 19)]
[(-15382, 4653, -2611), (-155, 357, 19)]
[(-15382, 4653, -2611), (-155, 357, 19)]
[(-15382, 4653, -2611), (-155, 357, 19)]
[(-15382, 4653, -2611), (-155, 357, 19)]
[(-15366, 4664, -2625), (-171, 351, 12)]
[(-15366, 4664, -2625), (-171, 351, 12)]
[(-15366, 4664, -2625), (-171, 351, 12)]
[(-15366, 4664, -2625), (-171, 351, 12)]
[(-15366, 4664, -2625), (-171, 351, 12)]
[(-15366, 4664, -2625), (-171, 351, 12)]
[(-15366, 4664, -2625), (-171, 351, 12)]
[(-15381, 4645, -2602), (-163, 368, -3)]
[(-15381, 4645, -2602), (-163, 368, -3)]
[(-15381, 4645, -2602), (-163, 368, -3)]
[(-15381, 4645, -2602), (-163, 368, -3)]
[(-15381, 4645, -2602), (-163, 368, -3)]
[(-15366, 4633, -2595), (-161, 381, 5)]
[(-15366, 4633, -2595), (-161, 381, 5)]
[(-15366, 4633, -2595), (-161, 381, 5)]
[(-15366, 4633, -2595), (-161, 381, 5)]
[(-15366, 4633, -2595), (-161, 381, 5)]
[(-15360, 4628, -2644), (-196, 397, 10)]
[(-15360, 4628, -2644), (-196, 397, 10)]
[(-15360, 4628, -2644), (-196, 397, 10)]
[(-15360, 4628, -2644), (-196, 397, 10)]
[(-15360, 4628, -2644), (-196, 397, 10)]
[(-15360, 4628, -2644), (-196, 397, 10)]
[(-15360, 4628, -2644), (-196, 397, 10)]
[(-15360, 4628, -2644), (-196, 397, 10)]
[(-15393, 4638, -2661), (-181, 392, 15)]
[(-15393, 4638, -2661), (-181, 392, 15)]
[(-15393, 4638, -2661), (-181, 392, 15)]