[(-15617, -2723, -3824), (-208, 119, -60)]
[(-15625, -2716, -3912), (16, 57, -91)]
[(-15625, -2716, -3912), (16, 57, -91)]
[(-15625, -2716, -3912), (16, 57, -91)]
[(-15625, -2716, -3912), (16, 57, -91)]
[(-15625, -2716, -3912), (16, 57, -91)]
[(-15629, -2770, -3888), (-3, 68, -69)]
[(-15629, -2770, -3888), (-3, 68, -69)]
[(-15629, -2770, -3888), (-3, 68, -69)]
[(-15629, -2770, -3888), (-3, 68, -69)]
[(-15629, -2770, -3888), (-3, 68, -69)]
[(-15629, -2770, -3888), (-3, 68, -69)]
[(-15612, -2790, -3869), (-113, 155, -47)]
[(-15612, -2790, -3869), (-113, 155, -47)]
[(-15612, -2790, -3869), (-113, 155, -47)]
[(-15612, -2790, -3869), (-113, 155, -47)]
[(-15612, -2790, -3869), (-113, 155, -47)]
[(-15600, -2790, -3896), (-155, 216, -40)]
[(-15600, -2790, -3896), (-155, 216, -40)]
[(-15600, -2790, -3896), (-155, 216, -40)]
[(-15600, -2790, -3896), (-155, 216, -40)]
[(-15600, -2790, -3896), (-155, 216, -40)]
[(-15600, -2790, -3896), (-155, 216, -40)]
[(-15600, -2790, -3896), (-155, 216, -40)]
[(-15600, -2790, -3896), (-155, 216, -40)]
[(-15600, -2790, -3896), (-155, 216, -40)]
[(-15628, -2789, -3912), (-201, 238, -11)]
[(-15628, -2789, -3912), (-201, 238, -11)]
[(-15628, -2789, -3912), (-201, 238, -11)]
[(-15628, -2789, -3912), (-201, 238, -11)]
[(-15612, -2774, -3960), (-269, 233, 0)]
[(-15612, -2774, -3960), (-269, 233, 0)]
[(-15612, -2774, -3960), (-269, 233, 0)]
[(-15612, -2774, -3960), (-269, 233, 0)]
[(-15612, -2774, -3960), (-269, 233, 0)]
[(-15620, -2784, -3976), (-248, 208, -20)]
[(-15620, -2784, -3976), (-248, 208, -20)]
[(-15620, -2784, -3976), (-248, 208, -20)]
[(-15620, -2784, -3976), (-248, 208, -20)]
[(-15620, -2784, -3976), (-248, 208, -20)]
[(-15620, -2784, -3976), (-248, 208, -20)]
[(-15620, -2784, -3976), (-248, 208, -20)]
[(-15620, -2784, -3976), (-248, 208, -20)]
[(-15632, -2796, -3959), (-211, 180, -29)]
[(-15632, -2796, -3959), (-211, 180, -29)]
[(-15632, -2796, -3959), (-211, 180, -29)]
[(-15632, -2796, -3959), (-211, 180, -29)]
[(-15632, -2796, -3959), (-211, 180, -29)]
[(-15642, -2801, -3972), (-157, 130, -22)]
[(-15642, -2801, -3972), (-157, 130, -22)]
[(-15642, -2801, -3972), (-157, 130, -22)]
[(-15642, -2801, -3972), (-157, 130, -22)]
[(-15642, -2801, -3972), (-157, 130, -22)]
[(-15649, -2808, -4012), (-163, 61, -17)]
[(-15649, -2808, -4012), (-163, 61, -17)]
[(-15649, -2808, -4012), (-163, 61, -17)]
[(-15649, -2808, -4012), (-163, 61, -17)]
[(-15649, -2808, -4012), (-163, 61, -17)]
[(-15649, -2808, -4012), (-163, 61, -17)]
[(-15649, -2808, -4012), (-163, 61, -17)]
[(-15649, -2808, -4012), (-163, 61, -17)]
[(-15652, -2816, -4024), (-69, -11, 13)]
[(-15652, -2816, -4024), (-69, -11, 13)]
[(-15652, -2816, -4024), (-69, -11, 13)]
[(-15652, -2816, -4024), (-69, -11, 13)]
[(-15652, -2816, -4024), (-69, -11, 13)]
[(-15621, -2842, -4028), (43, -59, 38)]
[(-15621, -2842, -4028), (43, -59, 38)]
[(-15621, -2842, -4028), (43, -59, 38)]
[(-15621, -2842, -4028), (43, -59, 38)]
[(-15621, -2842, -4028), (43, -59, 38)]
[(-15594, -2832, -3991), (37, -21, 31)]
[(-15594, -2832, -3991), (37, -21, 31)]
[(-15594, -2832, -3991), (37, -21, 31)]
[(-15594, -2832, -3991), (37, -21, 31)]
[(-15594, -2832, -3991), (37, -21, 31)]
[(-15594, -2832, -3991), (37, -21, 31)]
[(-15594, -2832, -3991), (37, -21, 31)]
[(-15594, -2832, -3991), (37, -21, 31)]
[(-15584, -2835, -3963), (-4, -30, 40)]
[(-15584, -2835, -3963), (-4, -30, 40)]
[(-15584, -2835, -3963), (-4, -30, 40)]
[(-15584, -2835, -3963), (-4, -30, 40)]
[(-15584, -2835, -3963), (-4, -30, 40)]
[(-15582, -2858, -3911), (23, -28, 32)]
[(-15582, -2858, -3911), (23, -28, 32)]
[(-15582, -2858, -3911), (23, -28, 32)]
[(-15582, -2858, -3911), (23, -28, 32)]
[(-15582, -2858, -3911), (23, -28, 32)]
[(-15573, -2859, -3865), (19, -6, 42)]
[(-15573, -2859, -3865), (19, -6, 42)]
[(-15573, -2859, -3865), (19, -6, 42)]
[(-15573, -2859, -3865), (19, -6, 42)]
[(-15573, -2859, -3865), (19, -6, 42)]
[(-15573, -2859, -3865), (19, -6, 42)]
[(-15573, -2859, -3865), (19, -6, 42)]
[(-15573, -2859, -3865), (19, -6, 42)]
[(-15575, -2831, -3804), (17, -42, 77)]
[(-15575, -2831, -3804), (17, -42, 77)]
[(-15575, -2831, -3804), (17, -42, 77)]
[(-15575, -2831, -3804), (17, -42, 77)]
[(-15575, -2831, -3804), (17, -42, 77)]
[(-15596, -2851, -3769), (11, -31, 44)]
[(-15596, -2851, -3769), (11, -31, 44)]
[(-15596, -2851, -3769), (11, -31, 44)]
[(-15596, -2851, -3769), (11, -31, 44)]
[(-15596, -2851, -3769), (11, -31, 44)]
[(-15616, -2857, -3720), (-34, 18, 4)]
[(-15616, -2857, -3720), (-34, 18, 4)]
[(-15616, -2857, -3720), (-34, 18, 4)]
[(-15616, -2857, -3720), (-34, 18, 4)]
[(-15616, -2857, -3720), (-34, 18, 4)]
[(-15616, -2857, -3720), (-34, 18, 4)]
[(-15616, -2857, -3720), (-34, 18, 4)]
[(-15616, -2857, -3720), (-34, 18, 4)]
[(-15649, -2904, -3652), (-31, 90, -27)]
[(-15649, -2904, -3652), (-31, 90, -27)]
[(-15649, -2904, -3652), (-31, 90, -27)]
[(-15649, -2904, -3652), (-31, 90, -27)]
[(-15640, -2863, -3685), (-61, 111, 5)]
[(-15640, -2863, -3685), (-61, 111, 5)]
[(-15640, -2863, -3685), (-61, 111, 5)]
[(-15640, -2863, -3685), (-61, 111, 5)]
[(-15640, -2863, -3685), (-61, 111, 5)]
[(-15636, -2880, -3706), (-64, 161, -10)]
[(-15636, -2880, -3706), (-64, 161, -10)]
[(-15636, -2880, -3706), (-64, 161, -10)]
[(-15636, -2880, -3706), (-64, 161, -10)]
[(-15636, -2880, -3706), (-64, 161, -10)]
[(-15636, -2880, -3706), (-64, 161, -10)]
[(-15636, -2880, -3706), (-64, 161, -10)]
[(-15636, -2880, -3706), (-64, 161, -10)]
[(-15615, -2861, -3686), (-84, 162, -14)]
[(-15615, -2861, -3686), (-84, 162, -14)]
[(-15615, -2861, -3686), (-84, 162, -14)]
[(-15615, -2861, -3686), (-84, 162, -14)]
[(-15615, -2861, -3686), (-84, 162, -14)]
[(-15611, -2882, -3703), (-138, 155, -22)]
[(-15611, -2882, -3703), (-138, 155, -22)]
[(-15611, -2882, -3703), (-138, 155, -22)]
[(-15611, -2882, -3703), (-138, 155, -22)]
[(-15611, -2882, -3703), (-138, 155, -22)]