[(-15444, 1792, -5392), (-162, 167, 5)]
[(-15451, 1806, -5377), (-132, 189, 11)]
[(-15451, 1806, -5377), (-132, 189, 11)]
[(-15451, 1806, -5377), (-132, 189, 11)]
[(-15437, 1792, -5364), (-127, 204, 15)]
[(-15437, 1792, -5364), (-127, 204, 15)]
[(-15437, 1792, -5364), (-127, 204, 15)]
[(-15437, 1792, -5364), (-127, 204, 15)]
[(-15437, 1792, -5364), (-127, 204, 15)]
[(-15437, 1792, -5364), (-127, 204, 15)]
[(-15437, 1792, -5364), (-127, 204, 15)]
[(-15445, 1806, -5388), (-128, 207, 1)]
[(-15445, 1806, -5388), (-128, 207, 1)]
[(-15445, 1806, -5388), (-128, 207, 1)]
[(-15445, 1806, -5388), (-128, 207, 1)]
[(-15445, 1806, -5388), (-128, 207, 1)]
[(-15424, 1758, -5433), (-113, 154, 3)]
[(-15424, 1758, -5433), (-113, 154, 3)]
[(-15424, 1758, -5433), (-113, 154, 3)]
[(-15424, 1758, -5433), (-113, 154, 3)]
[(-15424, 1758, -5433), (-113, 154, 3)]
[(-15424, 1758, -5433), (-113, 154, 3)]
[(-15418, 1781, -5440), (-97, 184, 11)]
[(-15418, 1781, -5440), (-97, 184, 11)]
[(-15418, 1781, -5440), (-97, 184, 11)]
[(-15418, 1781, -5440), (-97, 184, 11)]
[(-15418, 1781, -5440), (-97, 184, 11)]
[(-15418, 1781, -5440), (-97, 184, 11)]
[(-15418, 1781, -5440), (-97, 184, 11)]
[(-15426, 1782, -5416), (-75, 180, 2)]
[(-15426, 1782, -5416), (-75, 180, 2)]
[(-15426, 1782, -5416), (-75, 180, 2)]
[(-15426, 1782, -5416), (-75, 180, 2)]
[(-15426, 1782, -5416), (-75, 180, 2)]
[(-15421, 1784, -5411), (-3, 183, 13)]
[(-15421, 1784, -5411), (-3, 183, 13)]
[(-15421, 1784, -5411), (-3, 183, 13)]
[(-15421, 1784, -5411), (-3, 183, 13)]
[(-15421, 1784, -5411), (-3, 183, 13)]
[(-15421, 1784, -5411), (-3, 183, 13)]
[(-15428, 1783, -5406), (-15, 219, 14)]
[(-15428, 1783, -5406), (-15, 219, 14)]
[(-15428, 1783, -5406), (-15, 219, 14)]
[(-15428, 1783, -5406), (-15, 219, 14)]
[(-15428, 1783, -5406), (-15, 219, 14)]
[(-15428, 1783, -5406), (-15, 219, 14)]
[(-15428, 1783, -5406), (-15, 219, 14)]
[(-15446, 1784, -5398), (-21, 243, 3)]
[(-15446, 1784, -5398), (-21, 243, 3)]
[(-15446, 1784, -5398), (-21, 243, 3)]
[(-15446, 1784, -5398), (-21, 243, 3)]
[(-15446, 1784, -5398), (-21, 243, 3)]
[(-15443, 1776, -5404), (-26, 240, -13)]
[(-15443, 1776, -5404), (-26, 240, -13)]
[(-15443, 1776, -5404), (-26, 240, -13)]
[(-15443, 1776, -5404), (-26, 240, -13)]
[(-15443, 1776, -5404), (-26, 240, -13)]
[(-15443, 1776, -5404), (-26, 240, -13)]
[(-15460, 1790, -5412), (-52, 250, -13)]
[(-15460, 1790, -5412), (-52, 250, -13)]
[(-15460, 1790, -5412), (-52, 250, -13)]
[(-15460, 1790, -5412), (-52, 250, -13)]
[(-15460, 1790, -5412), (-52, 250, -13)]
[(-15457, 1802, -5448), (-83, 271, 23)]
[(-15457, 1802, -5448), (-83, 271, 23)]
[(-15457, 1802, -5448), (-83, 271, 23)]
[(-15457, 1802, -5448), (-83, 271, 23)]
[(-15457, 1802, -5448), (-83, 271, 23)]
[(-15457, 1802, -5448), (-83, 271, 23)]
[(-15457, 1802, -5448), (-83, 271, 23)]
[(-15476, 1828, -5449), (-157, 212, 2)]
[(-15476, 1828, -5449), (-157, 212, 2)]
[(-15476, 1828, -5449), (-157, 212, 2)]
[(-15476, 1828, -5449), (-157, 212, 2)]
[(-15476, 1828, -5449), (-157, 212, 2)]
[(-15476, 1828, -5449), (-157, 212, 2)]
[(-15472, 1833, -5432), (-174, 192, 7)]
[(-15472, 1833, -5432), (-174, 192, 7)]
[(-15472, 1833, -5432), (-174, 192, 7)]
[(-15472, 1833, -5432), (-174, 192, 7)]
[(-15472, 1833, -5432), (-174, 192, 7)]
[(-15489, 1832, -5432), (-133, 215, 2)]
[(-15489, 1832, -5432), (-133, 215, 2)]
[(-15489, 1832, -5432), (-133, 215, 2)]
[(-15489, 1832, -5432), (-133, 215, 2)]
[(-15489, 1832, -5432), (-133, 215, 2)]
[(-15489, 1832, -5432), (-133, 215, 2)]
[(-15489, 1832, -5432), (-133, 215, 2)]
[(-15470, 1819, -5464), (-119, 221, 24)]
[(-15470, 1819, -5464), (-119, 221, 24)]
[(-15470, 1819, -5464), (-119, 221, 24)]
[(-15470, 1819, -5464), (-119, 221, 24)]
[(-15470, 1819, -5464), (-119, 221, 24)]
[(-15470, 1819, -5464), (-119, 221, 24)]
[(-15494, 1761, -5464), (-129, 176, -33)]
[(-15494, 1761, -5464), (-129, 176, -33)]
[(-15494, 1761, -5464), (-129, 176, -33)]
[(-15494, 1761, -5464), (-129, 176, -33)]
[(-15494, 1761, -5464), (-129, 176, -33)]
[(-15484, 1786, -5430), (-123, 166, 27)]
[(-15484, 1786, -5430), (-123, 166, 27)]
[(-15484, 1786, -5430), (-123, 166, 27)]
[(-15484, 1786, -5430), (-123, 166, 27)]
[(-15484, 1786, -5430), (-123, 166, 27)]
[(-15484, 1786, -5430), (-123, 166, 27)]
[(-15484, 1786, -5430), (-123, 166, 27)]
[(-15484, 1786, -5430), (-123, 166, 27)]
[(-15481, 1789, -5390), (-57, 132, 43)]
[(-15481, 1789, -5390), (-57, 132, 43)]
[(-15481, 1789, -5390), (-57, 132, 43)]
[(-15481, 1789, -5390), (-57, 132, 43)]
[(-15486, 1811, -5382), (13, 146, 88)]
[(-15486, 1811, -5382), (13, 146, 88)]
[(-15486, 1811, -5382), (13, 146, 88)]
[(-15486, 1811, -5382), (13, 146, 88)]
[(-15486, 1811, -5382), (13, 146, 88)]
[(-15479, 1835, -5416), (-7, 107, 117)]
[(-15479, 1835, -5416), (-7, 107, 117)]
[(-15479, 1835, -5416), (-7, 107, 117)]
[(-15479, 1835, -5416), (-7, 107, 117)]
[(-15479, 1835, -5416), (-7, 107, 117)]
[(-15479, 1835, -5416), (-7, 107, 117)]
[(-15479, 1835, -5416), (-7, 107, 117)]
[(-15459, 1895, -5423), (-85, 129, 117)]
[(-15459, 1895, -5423), (-85, 129, 117)]
[(-15459, 1895, -5423), (-85, 129, 117)]
[(-15459, 1895, -5423), (-85, 129, 117)]
[(-15459, 1895, -5423), (-85, 129, 117)]
[(-15459, 1895, -5423), (-85, 129, 117)]
[(-15467, 1928, -5397), (-130, 131, 83)]
[(-15467, 1928, -5397), (-130, 131, 83)]
[(-15467, 1928, -5397), (-130, 131, 83)]