[(-15233, 1899, -6391), (-75, 370, 10)]
[(-15172, 1876, -6483), (-210, 200, 3)]
[(-15172, 1876, -6483), (-210, 200, 3)]
[(-15172, 1876, -6483), (-210, 200, 3)]
[(-15172, 1876, -6483), (-210, 200, 3)]
[(-15172, 1876, -6483), (-210, 200, 3)]
[(-15180, 1872, -6411), (-279, 93, -12)]
[(-15180, 1872, -6411), (-279, 93, -12)]
[(-15180, 1872, -6411), (-279, 93, -12)]
[(-15180, 1872, -6411), (-279, 93, -12)]
[(-15180, 1872, -6411), (-279, 93, -12)]
[(-15180, 1872, -6411), (-279, 93, -12)]
[(-15180, 1872, -6411), (-279, 93, -12)]
[(-15186, 1883, -6383), (-251, 140, -5)]
[(-15186, 1883, -6383), (-251, 140, -5)]
[(-15186, 1883, -6383), (-251, 140, -5)]
[(-15186, 1883, -6383), (-251, 140, -5)]
[(-15186, 1883, -6383), (-251, 140, -5)]
[(-15186, 1883, -6383), (-251, 140, -5)]
[(-15188, 1880, -6379), (-195, 256, 5)]
[(-15188, 1880, -6379), (-195, 256, 5)]
[(-15188, 1880, -6379), (-195, 256, 5)]
[(-15188, 1880, -6379), (-195, 256, 5)]
[(-15188, 1880, -6379), (-195, 256, 5)]
[(-15181, 1868, -6412), (-144, 309, -18)]
[(-15181, 1868, -6412), (-144, 309, -18)]
[(-15181, 1868, -6412), (-144, 309, -18)]
[(-15181, 1868, -6412), (-144, 309, -18)]
[(-15181, 1868, -6412), (-144, 309, -18)]
[(-15181, 1868, -6412), (-144, 309, -18)]
[(-15181, 1868, -6412), (-144, 309, -18)]
[(-15181, 1868, -6412), (-144, 309, -18)]
[(-15179, 1856, -6479), (-129, 231, -39)]
[(-15179, 1856, -6479), (-129, 231, -39)]
[(-15179, 1856, -6479), (-129, 231, -39)]
[(-15179, 1856, -6479), (-129, 231, -39)]
[(-15179, 1856, -6479), (-129, 231, -39)]
[(-15168, 1863, -6498), (-127, 92, -9)]
[(-15168, 1863, -6498), (-127, 92, -9)]
[(-15168, 1863, -6498), (-127, 92, -9)]
[(-15168, 1863, -6498), (-127, 92, -9)]
[(-15168, 1863, -6498), (-127, 92, -9)]
[(-15186, 1835, -6448), (-149, 42, 25)]
[(-15186, 1835, -6448), (-149, 42, 25)]
[(-15186, 1835, -6448), (-149, 42, 25)]
[(-15186, 1835, -6448), (-149, 42, 25)]
[(-15186, 1835, -6448), (-149, 42, 25)]
[(-15186, 1835, -6448), (-149, 42, 25)]
[(-15186, 1835, -6448), (-149, 42, 25)]
[(-15186, 1835, -6448), (-149, 42, 25)]
[(-15204, 1824, -6407), (-112, 120, 12)]
[(-15204, 1824, -6407), (-112, 120, 12)]
[(-15204, 1824, -6407), (-112, 120, 12)]
[(-15204, 1824, -6407), (-112, 120, 12)]
[(-15204, 1824, -6407), (-112, 120, 12)]
[(-15215, 1837, -6374), (12, 142, -27)]
[(-15215, 1837, -6374), (12, 142, -27)]
[(-15215, 1837, -6374), (12, 142, -27)]
[(-15215, 1837, -6374), (12, 142, -27)]
[(-15215, 1837, -6374), (12, 142, -27)]
[(-15204, 1838, -6387), (-36, 177, -40)]
[(-15204, 1838, -6387), (-36, 177, -40)]
[(-15204, 1838, -6387), (-36, 177, -40)]
[(-15204, 1838, -6387), (-36, 177, -40)]
[(-15204, 1838, -6387), (-36, 177, -40)]
[(-15204, 1838, -6387), (-36, 177, -40)]
[(-15204, 1838, -6387), (-36, 177, -40)]
[(-15204, 1838, -6387), (-36, 177, -40)]
[(-15208, 1835, -6360), (-105, 121, -23)]
[(-15208, 1835, -6360), (-105, 121, -23)]
[(-15208, 1835, -6360), (-105, 121, -23)]
[(-15208, 1835, -6360), (-105, 121, -23)]
[(-15208, 1835, -6360), (-105, 121, -23)]
[(-15208, 1835, -6360), (-105, 121, -23)]
[(-15208, 1835, -6360), (-105, 121, -23)]
[(-15222, 1853, -6319), (-158, 69, -25)]
[(-15222, 1853, -6319), (-158, 69, -25)]
[(-15222, 1853, -6319), (-158, 69, -25)]
[(-15222, 1853, -6319), (-158, 69, -25)]
[(-15222, 1853, -6319), (-158, 69, -25)]
[(-15188, 1810, -6318), (-122, 18, 17)]
[(-15188, 1810, -6318), (-122, 18, 17)]
[(-15188, 1810, -6318), (-122, 18, 17)]
[(-15188, 1810, -6318), (-122, 18, 17)]
[(-15188, 1810, -6318), (-122, 18, 17)]
[(-15188, 1810, -6318), (-122, 18, 17)]
[(-15217, 1842, -6308), (-38, 11, 66)]
[(-15217, 1842, -6308), (-38, 11, 66)]
[(-15217, 1842, -6308), (-38, 11, 66)]
[(-15217, 1842, -6308), (-38, 11, 66)]
[(-15217, 1842, -6308), (-38, 11, 66)]
[(-15217, 1842, -6308), (-38, 11, 66)]
[(-15217, 1842, -6308), (-38, 11, 66)]
[(-15274, 1830, -6240), (-65, 16, 77)]
[(-15274, 1830, -6240), (-65, 16, 77)]
[(-15274, 1830, -6240), (-65, 16, 77)]
[(-15247, 1820, -6224), (-12, 26, 119)]
[(-15247, 1820, -6224), (-12, 26, 119)]
[(-15247, 1820, -6224), (-12, 26, 119)]
[(-15247, 1820, -6224), (-12, 26, 119)]
[(-15247, 1820, -6224), (-12, 26, 119)]
[(-15247, 1820, -6224), (-12, 26, 119)]
[(-15247, 1820, -6224), (-12, 26, 119)]
[(-15247, 1820, -6224), (-12, 26, 119)]
[(-15247, 1820, -6224), (-12, 26, 119)]
[(-15283, 1853, -6217), (-31, 54, 162)]
[(-15283, 1853, -6217), (-31, 54, 162)]
[(-15268, 1884, -6176), (-11, 80, 179)]
[(-15268, 1884, -6176), (-11, 80, 179)]
[(-15268, 1884, -6176), (-11, 80, 179)]
[(-15268, 1884, -6176), (-11, 80, 179)]
[(-15268, 1884, -6176), (-11, 80, 179)]
[(-15232, 1900, -6158), (-11, 123, 153)]
[(-15232, 1900, -6158), (-11, 123, 153)]
[(-15232, 1900, -6158), (-11, 123, 153)]
[(-15232, 1900, -6158), (-11, 123, 153)]
[(-15232, 1900, -6158), (-11, 123, 153)]
[(-15232, 1900, -6158), (-11, 123, 153)]
[(-15224, 1919, -6153), (16, 149, 101)]
[(-15224, 1919, -6153), (16, 149, 101)]
[(-15224, 1919, -6153), (16, 149, 101)]
[(-15224, 1919, -6153), (16, 149, 101)]
[(-15224, 1919, -6153), (16, 149, 101)]
[(-15224, 1919, -6153), (16, 149, 101)]
[(-15224, 1919, -6153), (16, 149, 101)]
[(-15220, 1914, -6147), (28, 158, 84)]
[(-15220, 1914, -6147), (28, 158, 84)]
[(-15220, 1914, -6147), (28, 158, 84)]
[(-15220, 1914, -6147), (28, 158, 84)]
[(-15220, 1914, -6147), (28, 158, 84)]
[(-15236, 1905, -6165), (39, 174, 71)]