[(-14014, 5482, -7230), (-107, 114, -28)]
[(-14020, 5466, -7226), (-91, 121, -26)]
[(-14020, 5466, -7226), (-91, 121, -26)]
[(-14016, 5458, -7214), (-61, 123, -30)]
[(-14016, 5458, -7214), (-61, 123, -30)]
[(-14016, 5458, -7214), (-61, 123, -30)]
[(-14016, 5458, -7214), (-61, 123, -30)]
[(-14016, 5458, -7214), (-61, 123, -30)]
[(-14016, 5458, -7214), (-61, 123, -30)]
[(-14016, 5458, -7214), (-61, 123, -30)]
[(-14000, 5459, -7199), (-149, 150, -47)]
[(-14000, 5459, -7199), (-149, 150, -47)]
[(-14000, 5459, -7199), (-149, 150, -47)]
[(-14000, 5459, -7199), (-149, 150, -47)]
[(-14000, 5459, -7199), (-149, 150, -47)]
[(-14000, 5459, -7199), (-149, 150, -47)]
[(-14011, 5452, -7220), (-465, 426, -131)]
[(-14011, 5452, -7220), (-465, 426, -131)]
[(-14011, 5452, -7220), (-465, 426, -131)]
[(-14011, 5452, -7220), (-465, 426, -131)]
[(-14011, 5452, -7220), (-465, 426, -131)]
[(-13986, 5464, -7237), (-639, 961, -221)]
[(-13986, 5464, -7237), (-639, 961, -221)]
[(-13986, 5464, -7237), (-639, 961, -221)]
[(-13986, 5464, -7237), (-639, 961, -221)]
[(-13986, 5464, -7237), (-639, 961, -221)]
[(-13986, 5464, -7237), (-639, 961, -221)]
[(-13986, 5464, -7237), (-639, 961, -221)]
[(-13973, 5410, -7331), (-474, 747, -262)]
[(-13973, 5410, -7331), (-474, 747, -262)]
[(-13973, 5410, -7331), (-474, 747, -262)]
[(-13973, 5410, -7331), (-474, 747, -262)]
[(-13973, 5410, -7331), (-474, 747, -262)]
[(-13953, 5401, -7396), (-381, 598, -242)]
[(-13953, 5401, -7396), (-381, 598, -242)]
[(-13953, 5401, -7396), (-381, 598, -242)]
[(-13953, 5401, -7396), (-381, 598, -242)]
[(-13953, 5401, -7396), (-381, 598, -242)]
[(-13953, 5401, -7396), (-381, 598, -242)]
[(-13939, 5376, -7452), (-306, 481, -195)]
[(-13939, 5376, -7452), (-306, 481, -195)]
[(-13939, 5376, -7452), (-306, 481, -195)]
[(-13939, 5376, -7452), (-306, 481, -195)]
[(-13939, 5376, -7452), (-306, 481, -195)]
[(-13939, 5376, -7452), (-306, 481, -195)]
[(-13939, 5376, -7452), (-306, 481, -195)]
[(-13887, 5361, -7519), (-270, 430, -143)]
[(-13887, 5361, -7519), (-270, 430, -143)]
[(-13887, 5361, -7519), (-270, 430, -143)]
[(-13887, 5361, -7519), (-270, 430, -143)]
[(-13887, 5361, -7519), (-270, 430, -143)]
[(-13887, 5361, -7519), (-270, 430, -143)]
[(-13868, 5340, -7548), (-189, 370, -106)]
[(-13868, 5340, -7548), (-189, 370, -106)]
[(-13868, 5340, -7548), (-189, 370, -106)]
[(-13868, 5340, -7548), (-189, 370, -106)]
[(-13868, 5340, -7548), (-189, 370, -106)]
[(-13896, 5333, -7575), (-156, 315, -81)]
[(-13896, 5333, -7575), (-156, 315, -81)]
[(-13896, 5333, -7575), (-156, 315, -81)]
[(-13896, 5333, -7575), (-156, 315, -81)]
[(-13896, 5333, -7575), (-156, 315, -81)]
[(-13896, 5333, -7575), (-156, 315, -81)]
[(-13896, 5333, -7575), (-156, 315, -81)]
[(-13918, 5301, -7597), (-133, 253, -71)]
[(-13918, 5301, -7597), (-133, 253, -71)]
[(-13918, 5301, -7597), (-133, 253, -71)]
[(-13918, 5301, -7597), (-133, 253, -71)]
[(-13918, 5301, -7597), (-133, 253, -71)]
[(-13899, 5308, -7627), (-148, 256, -51)]
[(-13899, 5308, -7627), (-148, 256, -51)]
[(-13899, 5308, -7627), (-148, 256, -51)]
[(-13899, 5308, -7627), (-148, 256, -51)]
[(-13899, 5308, -7627), (-148, 256, -51)]
[(-13899, 5308, -7627), (-148, 256, -51)]
[(-13909, 5313, -7632), (-137, 228, -29)]
[(-13909, 5313, -7632), (-137, 228, -29)]
[(-13909, 5313, -7632), (-137, 228, -29)]
[(-13909, 5313, -7632), (-137, 228, -29)]
[(-13909, 5313, -7632), (-137, 228, -29)]
[(-13909, 5313, -7632), (-137, 228, -29)]
[(-13909, 5313, -7632), (-137, 228, -29)]
[(-13909, 5313, -7632), (-137, 228, -29)]
[(-13912, 5319, -7622), (-142, 245, -6)]
[(-13912, 5319, -7622), (-142, 245, -6)]
[(-13912, 5319, -7622), (-142, 245, -6)]
[(-13912, 5319, -7622), (-142, 245, -6)]
[(-13912, 5319, -7622), (-142, 245, -6)]
[(-13909, 5312, -7630), (-139, 196, -5)]
[(-13909, 5312, -7630), (-139, 196, -5)]
[(-13909, 5312, -7630), (-139, 196, -5)]
[(-13872, 5315, -7650), (-149, 206, 0)]
[(-13872, 5315, -7650), (-149, 206, 0)]
[(-13872, 5315, -7650), (-149, 206, 0)]
[(-13872, 5315, -7650), (-149, 206, 0)]
[(-13872, 5315, -7650), (-149, 206, 0)]
[(-13872, 5315, -7650), (-149, 206, 0)]
[(-13872, 5315, -7650), (-149, 206, 0)]
[(-13880, 5328, -7657), (-155, 156, 6)]
[(-13880, 5328, -7657), (-155, 156, 6)]
[(-13880, 5328, -7657), (-155, 156, 6)]
[(-13880, 5328, -7657), (-155, 156, 6)]
[(-13880, 5328, -7657), (-155, 156, 6)]
[(-13880, 5328, -7657), (-155, 156, 6)]
[(-13880, 5328, -7657), (-155, 156, 6)]
[(-13848, 5332, -7658), (-169, 135, 22)]
[(-13848, 5332, -7658), (-169, 135, 22)]
[(-13848, 5332, -7658), (-169, 135, 22)]
[(-13848, 5332, -7658), (-169, 135, 22)]
[(-13834, 5334, -7668), (-123, 73, 60)]
[(-13834, 5334, -7668), (-123, 73, 60)]
[(-13834, 5334, -7668), (-123, 73, 60)]