[(-13431, 5922, -8025), (-114, 147, 42)]
[(-13433, 5924, -8022), (-150, 129, 35)]
[(-13433, 5924, -8022), (-150, 129, 35)]
[(-13433, 5924, -8022), (-150, 129, 35)]
[(-13433, 5924, -8022), (-150, 129, 35)]
[(-13433, 5924, -8022), (-150, 129, 35)]
[(-13433, 5924, -8022), (-150, 129, 35)]
[(-13426, 5952, -7995), (-171, 91, 64)]
[(-13426, 5952, -7995), (-171, 91, 64)]
[(-13426, 5952, -7995), (-171, 91, 64)]
[(-13426, 5952, -7995), (-171, 91, 64)]
[(-13453, 5949, -7954), (-173, 84, 43)]
[(-13453, 5949, -7954), (-173, 84, 43)]
[(-13453, 5949, -7954), (-173, 84, 43)]
[(-13453, 5949, -7954), (-173, 84, 43)]
[(-13453, 5949, -7954), (-173, 84, 43)]
[(-13437, 5976, -7948), (-138, 87, 40)]
[(-13437, 5976, -7948), (-138, 87, 40)]
[(-13437, 5976, -7948), (-138, 87, 40)]
[(-13437, 5976, -7948), (-138, 87, 40)]
[(-13437, 5976, -7948), (-138, 87, 40)]
[(-13422, 5980, -7981), (-127, 96, 35)]
[(-13422, 5980, -7981), (-127, 96, 35)]
[(-13422, 5980, -7981), (-127, 96, 35)]
[(-13422, 5980, -7981), (-127, 96, 35)]
[(-13422, 5980, -7981), (-127, 96, 35)]
[(-13422, 5980, -7981), (-127, 96, 35)]
[(-13422, 5980, -7981), (-127, 96, 35)]
[(-13422, 5980, -7981), (-127, 96, 35)]
[(-13424, 5988, -7968), (-91, 71, 22)]
[(-13424, 5988, -7968), (-91, 71, 22)]
[(-13424, 5988, -7968), (-91, 71, 22)]
[(-13424, 5988, -7968), (-91, 71, 22)]
[(-13424, 5988, -7968), (-91, 71, 22)]
[(-13440, 5984, -7923), (-85, 68, 7)]
[(-13440, 5984, -7923), (-85, 68, 7)]
[(-13440, 5984, -7923), (-85, 68, 7)]
[(-13440, 5984, -7923), (-85, 68, 7)]
[(-13440, 5984, -7923), (-85, 68, 7)]
[(-13452, 5993, -7930), (-118, 105, -4)]
[(-13452, 5993, -7930), (-118, 105, -4)]
[(-13452, 5993, -7930), (-118, 105, -4)]
[(-13452, 5993, -7930), (-118, 105, -4)]
[(-13452, 5993, -7930), (-118, 105, -4)]
[(-13452, 5993, -7930), (-118, 105, -4)]
[(-13452, 5993, -7930), (-118, 105, -4)]
[(-13488, 5988, -7930), (-137, 108, 0)]
[(-13488, 5988, -7930), (-137, 108, 0)]
[(-13488, 5988, -7930), (-137, 108, 0)]
[(-13488, 5988, -7930), (-137, 108, 0)]
[(-13488, 5988, -7930), (-137, 108, 0)]
[(-13488, 5988, -7930), (-137, 108, 0)]
[(-13478, 6004, -7935), (-189, 128, 49)]
[(-13478, 6004, -7935), (-189, 128, 49)]
[(-13478, 6004, -7935), (-189, 128, 49)]
[(-13478, 6004, -7935), (-189, 128, 49)]
[(-13478, 6004, -7935), (-189, 128, 49)]
[(-13493, 5988, -7904), (-145, 120, 98)]
[(-13493, 5988, -7904), (-145, 120, 98)]
[(-13493, 5988, -7904), (-145, 120, 98)]
[(-13493, 5988, -7904), (-145, 120, 98)]
[(-13493, 5988, -7904), (-145, 120, 98)]
[(-13493, 5988, -7904), (-145, 120, 98)]
[(-13493, 5988, -7904), (-145, 120, 98)]
[(-13493, 5988, -7904), (-145, 120, 98)]
[(-13472, 6012, -7882), (-136, 127, 108)]
[(-13472, 6012, -7882), (-136, 127, 108)]
[(-13472, 6012, -7882), (-136, 127, 108)]
[(-13472, 6012, -7882), (-136, 127, 108)]
[(-13472, 6012, -7882), (-136, 127, 108)]
[(-13468, 6020, -7903), (-118, 97, 82)]
[(-13468, 6020, -7903), (-118, 97, 82)]
[(-13468, 6020, -7903), (-118, 97, 82)]
[(-13468, 6020, -7903), (-118, 97, 82)]
[(-13468, 6020, -7903), (-118, 97, 82)]
[(-13469, 5996, -7848), (-92, 66, 69)]
[(-13469, 5996, -7848), (-92, 66, 69)]
[(-13469, 5996, -7848), (-92, 66, 69)]
[(-13469, 5996, -7848), (-92, 66, 69)]
[(-13469, 5996, -7848), (-92, 66, 69)]
[(-13469, 5996, -7848), (-92, 66, 69)]
[(-13484, 6004, -7815), (125, -154, 116)]
[(-13484, 6004, -7815), (125, -154, 116)]
[(-13484, 6004, -7815), (125, -154, 116)]
[(-13484, 6004, -7815), (125, -154, 116)]
[(-13484, 6004, -7815), (125, -154, 116)]
[(-13484, 6004, -7815), (125, -154, 116)]
[(-13484, 6004, -7815), (125, -154, 116)]
[(-13563, 6020, -7717), (755, -515, 340)]
[(-13563, 6020, -7717), (755, -515, 340)]
[(-13563, 6020, -7717), (755, -515, 340)]
[(-13563, 6020, -7717), (755, -515, 340)]
[(-13563, 6020, -7717), (755, -515, 340)]
[(-13572, 6012, -7696), (605, -310, 286)]
[(-13572, 6012, -7696), (605, -310, 286)]
[(-13572, 6012, -7696), (605, -310, 286)]
[(-13572, 6012, -7696), (605, -310, 286)]
[(-13572, 6012, -7696), (605, -310, 286)]
[(-13572, 6012, -7696), (605, -310, 286)]
[(-13609, 5984, -7682), (471, -208, 202)]
[(-13609, 5984, -7682), (471, -208, 202)]
[(-13609, 5984, -7682), (471, -208, 202)]
[(-13609, 5984, -7682), (471, -208, 202)]
[(-13609, 5984, -7682), (471, -208, 202)]
[(-13609, 5984, -7682), (471, -208, 202)]
[(-13609, 5984, -7682), (471, -208, 202)]
[(-13648, 5973, -7656), (362, -185, 172)]
[(-13648, 5973, -7656), (362, -185, 172)]
[(-13648, 5973, -7656), (362, -185, 172)]
[(-13648, 5968, -7624), (309, -134, 122)]
[(-13648, 5968, -7624), (309, -134, 122)]
[(-13648, 5968, -7624), (309, -134, 122)]
[(-13648, 5968, -7624), (309, -134, 122)]
[(-13648, 5968, -7624), (309, -134, 122)]
[(-13648, 5968, -7624), (309, -134, 122)]
[(-13645, 5988, -7565), (219, -71, 102)]
[(-13645, 5988, -7565), (219, -71, 102)]
[(-13645, 5988, -7565), (219, -71, 102)]
[(-13645, 5988, -7565), (219, -71, 102)]
[(-13645, 5988, -7565), (219, -71, 102)]
[(-13645, 5988, -7565), (219, -71, 102)]
[(-13645, 5988, -7565), (219, -71, 102)]
[(-13687, 5970, -7545), (203, -38, 66)]
[(-13687, 5970, -7545), (203, -38, 66)]
[(-13687, 5970, -7545), (203, -38, 66)]
[(-13687, 5970, -7545), (203, -38, 66)]
[(-13687, 5970, -7545), (203, -38, 66)]
[(-13680, 5951, -7521), (137, 26, 28)]
[(-13680, 5951, -7521), (137, 26, 28)]
[(-13680, 5951, -7521), (137, 26, 28)]
[(-13680, 5951, -7521), (137, 26, 28)]
[(-13341, 5043, -8721), (-1009, 376, -200)]
[(-13543, 5086, -8588), (-1077, 471, -266)]
[(-13543, 5086, -8588), (-1077, 471, -266)]
[(-13543, 5106, -8447), (87, 65, 709)]
[(-13543, 5106, -8447), (87, 65, 709)]
[(-13543, 5106, -8447), (87, 65, 709)]
[(-13543, 5106, -8447), (87, 65, 709)]
[(-13543, 5106, -8447), (87, 65, 709)]
[(-13543, 5106, -8447), (87, 65, 709)]
[(-13543, 5106, -8447), (87, 65, 709)]
[(-13372, 5432, -8595), (775, 103, 980)]
[(-13372, 5432, -8595), (775, 103, 980)]
[(-13372, 5432, -8595), (775, 103, 980)]
[(-13372, 5432, -8595), (775, 103, 980)]
[(-13372, 5432, -8595), (775, 103, 980)]
[(-13372, 5432, -8595), (775, 103, 980)]
[(-13372, 5432, -8595), (775, 103, 980)]
[(-13372, 5432, -8595), (775, 103, 980)]
[(-13291, 5515, -8672), (597, 278, 701)]
[(-13291, 5515, -8672), (597, 278, 701)]
[(-13291, 5515, -8672), (597, 278, 701)]
[(-13320, 5556, -8756), (545, 300, 569)]
[(-13320, 5556, -8756), (545, 300, 569)]
[(-13320, 5556, -8756), (545, 300, 569)]
[(-13320, 5556, -8756), (545, 300, 569)]
[(-13320, 5556, -8756), (545, 300, 569)]
[(-13320, 5556, -8756), (545, 300, 569)]
[(-13320, 5556, -8756), (545, 300, 569)]
[(-13208, 5535, -8817), (558, 244, 465)]
[(-13208, 5535, -8817), (558, 244, 465)]
[(-13208, 5535, -8817), (558, 244, 465)]
[(-13208, 5535, -8817), (558, 244, 465)]
[(-13208, 5535, -8817), (558, 244, 465)]
[(-13208, 5535, -8817), (558, 244, 465)]
[(-13208, 5535, -8817), (558, 244, 465)]
[(-13208, 5535, -8817), (558, 244, 465)]
[(-13220, 5559, -8830), (400, 139, 327)]
[(-13220, 5559, -8830), (400, 139, 327)]
[(-13220, 5559, -8830), (400, 139, 327)]
[(-13226, 5554, -8865), (285, 182, 208)]
[(-13226, 5554, -8865), (285, 182, 208)]
[(-13226, 5554, -8865), (285, 182, 208)]
[(-13226, 5554, -8865), (285, 182, 208)]
[(-13226, 5554, -8865), (285, 182, 208)]
[(-13226, 5554, -8865), (285, 182, 208)]
[(-13226, 5554, -8865), (285, 182, 208)]
[(-13128, 5498, -8786), (193, 210, 46)]
[(-13128, 5498, -8786), (193, 210, 46)]
[(-13128, 5498, -8786), (193, 210, 46)]
[(-13128, 5498, -8786), (193, 210, 46)]
[(-13128, 5498, -8786), (193, 210, 46)]
[(-13128, 5498, -8786), (193, 210, 46)]
[(-13110, 5445, -8853), (275, 471, 213)]
[(-13110, 5445, -8853), (275, 471, 213)]
[(-13110, 5445, -8853), (275, 471, 213)]
[(-13110, 5445, -8853), (275, 471, 213)]
[(-13110, 5445, -8853), (275, 471, 213)]
[(-13064, 5438, -8895), (92, 409, 97)]
[(-13064, 5438, -8895), (92, 409, 97)]
[(-13064, 5438, -8895), (92, 409, 97)]
[(-13064, 5438, -8895), (92, 409, 97)]
[(-13064, 5438, -8895), (92, 409, 97)]
[(-13064, 5438, -8895), (92, 409, 97)]
[(-13064, 5438, -8895), (92, 409, 97)]
[(-13064, 5438, -8895), (92, 409, 97)]
[(-13064, 5438, -8895), (92, 409, 97)]
[(-13036, 5580, -9041), (-164, 372, -195)]
[(-13036, 5580, -9041), (-164, 372, -195)]
[(-13036, 5580, -9041), (-164, 372, -195)]
[(-13036, 5580, -9041), (-164, 372, -195)]
[(-12725, 5628, -9161), (-1753, 514, -2437)]
[(-12725, 5628, -9161), (-1753, 514, -2437)]
[(-12725, 5628, -9161), (-1753, 514, -2437)]
[(-12725, 5628, -9161), (-1753, 514, -2437)]
[(-12725, 5628, -9161), (-1753, 514, -2437)]
[(-13210, 4956, -9194), (-2840, 3023, -1026)]
[(-13210, 4956, -9194), (-2840, 3023, -1026)]
[(-13210, 4956, -9194), (-2840, 3023, -1026)]
[(-13210, 4956, -9194), (-2840, 3023, -1026)]
[(-13210, 4956, -9194), (-2840, 3023, -1026)]
[(-13210, 4956, -9194), (-2840, 3023, -1026)]
[(-13210, 4956, -9194), (-2840, 3023, -1026)]
[(-13379, 4726, -9064), (-2752, 2155, -583)]
[(-13379, 4726, -9064), (-2752, 2155, -583)]
[(-13379, 4726, -9064), (-2752, 2155, -583)]
[(-13379, 4726, -9064), (-2752, 2155, -583)]
[(-13379, 4726, -9064), (-2752, 2155, -583)]
[(-13379, 4726, -9064), (-2752, 2155, -583)]
[(-12843, 4912, -9268), (-1738, 1425, -806)]
[(-12843, 4912, -9268), (-1738, 1425, -806)]
[(-12843, 4912, -9268), (-1738, 1425, -806)]
[(-12843, 4912, -9268), (-1738, 1425, -806)]
[(-12843, 4912, -9268), (-1738, 1425, -806)]
[(-13124, 4976, -9315), (-1718, 1498, -363)]
[(-13124, 4976, -9315), (-1718, 1498, -363)]
[(-13124, 4976, -9315), (-1718, 1498, -363)]
[(-13124, 4976, -9315), (-1718, 1498, -363)]
[(-13124, 4976, -9315), (-1718, 1498, -363)]
[(-13124, 4976, -9315), (-1718, 1498, -363)]
[(-13101, 5060, -9388), (-1525, 621, -587)]
[(-13101, 5060, -9388), (-1525, 621, -587)]
[(-13101, 5060, -9388), (-1525, 621, -587)]
[(-13101, 5060, -9388), (-1525, 621, -587)]
[(-13101, 5060, -9388), (-1525, 621, -587)]
[(-13101, 5060, -9388), (-1525, 621, -587)]
[(-13101, 5060, -9388), (-1525, 621, -587)]
[(-12724, 5219, -9371), (-1437, 451, -867)]
[(-12724, 5219, -9371), (-1437, 451, -867)]
[(-12724, 5219, -9371), (-1437, 451, -867)]
[(-12724, 5219, -9371), (-1437, 451, -867)]
[(-12724, 5219, -9371), (-1437, 451, -867)]
[(-13197, 5148, -9324), (-2040, 1071, -287)]
[(-13197, 5148, -9324), (-2040, 1071, -287)]
[(-13197, 5148, -9324), (-2040, 1071, -287)]
[(-13197, 5148, -9324), (-2040, 1071, -287)]
[(-13197, 5148, -9324), (-2040, 1071, -287)]
[(-13197, 5148, -9324), (-2040, 1071, -287)]
[(-13014, 5184, -9212), (-1800, 632, -409)]
[(-13014, 5184, -9212), (-1800, 632, -409)]
[(-13014, 5184, -9212), (-1800, 632, -409)]
[(-13014, 5184, -9212), (-1800, 632, -409)]
[(-13014, 5184, -9212), (-1800, 632, -409)]
[(-13014, 5184, -9212), (-1800, 632, -409)]
[(-13014, 5184, -9212), (-1800, 632, -409)]
[(-12935, 5343, -9293), (-1105, 526, -489)]
[(-12935, 5343, -9293), (-1105, 526, -489)]
[(-12935, 5343, -9293), (-1105, 526, -489)]
[(-12935, 5343, -9293), (-1105, 526, -489)]
[(-12935, 5343, -9293), (-1105, 526, -489)]
[(-12912, 5429, -9353), (-856, 154, -563)]
[(-12912, 5429, -9353), (-856, 154, -563)]
[(-12912, 5429, -9353), (-856, 154, -563)]
[(-12912, 5429, -9353), (-856, 154, -563)]
[(-12912, 5429, -9353), (-856, 154, -563)]
[(-12912, 5429, -9353), (-856, 154, -563)]
[(-13308, 5463, -9119), (-946, -705, 167)]
[(-13308, 5463, -9119), (-946, -705, 167)]
[(-13308, 5463, -9119), (-946, -705, 167)]
[(-13308, 5463, -9119), (-946, -705, 167)]
[(-13308, 5463, -9119), (-946, -705, 167)]
[(-13308, 5463, -9119), (-946, -705, 167)]
[(-13308, 5463, -9119), (-946, -705, 167)]
[(-13291, 5681, -8738), (-1332, -81, 310)]
[(-13291, 5681, -8738), (-1332, -81, 310)]
[(-13291, 5681, -8738), (-1332, -81, 310)]
[(-13291, 5681, -8738), (-1332, -81, 310)]
[(-13291, 5681, -8738), (-1332, -81, 310)]
[(-13175, 5819, -8556), (-1063, 304, 394)]
[(-13175, 5819, -8556), (-1063, 304, 394)]
[(-13175, 5819, -8556), (-1063, 304, 394)]
[(-13175, 5819, -8556), (-1063, 304, 394)]
[(-13175, 5819, -8556), (-1063, 304, 394)]
[(-13175, 5819, -8556), (-1063, 304, 394)]
[(-13044, 5932, -8648), (-517, 279, 292)]
[(-13044, 5932, -8648), (-517, 279, 292)]
[(-13044, 5932, -8648), (-517, 279, 292)]
[(-13044, 5932, -8648), (-517, 279, 292)]
[(-13044, 5932, -8648), (-517, 279, 292)]
[(-13001, 6040, -8665), (-840, 640, -9)]
[(-13001, 6040, -8665), (-840, 640, -9)]
[(-13001, 6040, -8665), (-840, 640, -9)]
[(-13001, 6040, -8665), (-840, 640, -9)]
[(-13001, 6040, -8665), (-840, 640, -9)]
[(-12968, 6100, -8709), (-1083, 1258, -225)]
[(-12968, 6100, -8709), (-1083, 1258, -225)]
[(-12968, 6100, -8709), (-1083, 1258, -225)]
[(-12968, 6100, -8709), (-1083, 1258, -225)]
[(-12968, 6100, -8709), (-1083, 1258, -225)]
[(-12968, 6100, -8709), (-1083, 1258, -225)]
[(-13037, 6076, -8705), (-1032, 1023, -315)]
[(-13037, 6076, -8705), (-1032, 1023, -315)]
[(-13037, 6076, -8705), (-1032, 1023, -315)]
[(-13037, 6076, -8705), (-1032, 1023, -315)]
[(-13037, 6076, -8705), (-1032, 1023, -315)]
[(-13037, 6076, -8705), (-1032, 1023, -315)]
[(-13037, 6076, -8705), (-1032, 1023, -315)]
[(-12999, 6083, -8800), (-868, 837, -309)]
[(-12999, 6083, -8800), (-868, 837, -309)]
[(-13984, 5712, -6828), (-520, 198, 344)]
[(-13968, 5814, -6830), (-343, 175, 248)]
[(-13961, 5871, -6832), (-277, 145, 262)]
[(-13961, 5871, -6832), (-277, 145, 262)]
[(-13961, 5871, -6832), (-277, 145, 262)]
[(-13961, 5871, -6832), (-277, 145, 262)]
[(-13961, 5871, -6832), (-277, 145, 262)]
[(-13961, 5871, -6832), (-277, 145, 262)]
[(-13961, 5871, -6832), (-277, 145, 262)]
[(-13961, 5871, -6832), (-277, 145, 262)]
[(-13944, 5933, -6814), (-148, 143, 231)]
[(-13944, 5933, -6814), (-148, 143, 231)]
[(-13944, 5933, -6814), (-148, 143, 231)]
[(-13944, 5933, -6814), (-148, 143, 231)]
[(-13944, 5933, -6814), (-148, 143, 231)]
[(-13926, 5997, -6862), (-62, 184, 224)]
[(-13926, 5997, -6862), (-62, 184, 224)]
[(-13926, 5997, -6862), (-62, 184, 224)]
[(-13926, 5997, -6862), (-62, 184, 224)]
[(-13926, 5997, -6862), (-62, 184, 224)]
[(-13926, 5997, -6862), (-62, 184, 224)]
[(-13907, 6008, -6854), (-83, 170, 203)]
[(-13907, 6008, -6854), (-83, 170, 203)]
[(-13907, 6008, -6854), (-83, 170, 203)]
[(-13907, 6008, -6854), (-83, 170, 203)]
[(-13907, 6008, -6854), (-83, 170, 203)]
[(-13869, 6009, -6883), (-35, 185, 160)]
[(-13869, 6009, -6883), (-35, 185, 160)]
[(-13869, 6009, -6883), (-35, 185, 160)]
[(-13869, 6009, -6883), (-35, 185, 160)]
[(-13869, 6009, -6883), (-35, 185, 160)]
[(-13869, 6009, -6883), (-35, 185, 160)]
[(-13869, 6009, -6883), (-35, 185, 160)]
[(-13846, 6032, -6916), (-26, 214, 133)]
[(-13846, 6032, -6916), (-26, 214, 133)]
[(-13846, 6032, -6916), (-26, 214, 133)]
[(-13846, 6032, -6916), (-26, 214, 133)]
[(-13846, 6032, -6916), (-26, 214, 133)]
[(-13846, 6032, -6916), (-26, 214, 133)]
[(-13851, 6064, -6947), (-174, 230, 114)]
[(-13851, 6064, -6947), (-174, 230, 114)]
[(-13851, 6064, -6947), (-174, 230, 114)]
[(-13851, 6064, -6947), (-174, 230, 114)]
[(-13851, 6064, -6947), (-174, 230, 114)]
[(-13847, 6132, -6951), (-704, 618, 213)]
[(-13847, 6132, -6951), (-704, 618, 213)]
[(-13847, 6132, -6951), (-704, 618, 213)]
[(-13847, 6132, -6951), (-704, 618, 213)]
[(-13847, 6132, -6951), (-704, 618, 213)]
[(-13847, 6132, -6951), (-704, 618, 213)]
[(-13847, 6132, -6951), (-704, 618, 213)]
[(-13744, 6148, -7023), (-808, 1038, 102)]
[(-13744, 6148, -7023), (-808, 1038, 102)]
[(-13744, 6148, -7023), (-808, 1038, 102)]
[(-13744, 6148, -7023), (-808, 1038, 102)]
[(-13744, 6148, -7023), (-808, 1038, 102)]
[(-13744, 6148, -7023), (-808, 1038, 102)]
[(-13731, 6159, -7138), (-515, 626, -1)]
[(-13731, 6159, -7138), (-515, 626, -1)]
[(-13731, 6159, -7138), (-515, 626, -1)]
[(-13731, 6159, -7138), (-515, 626, -1)]
[(-13731, 6159, -7138), (-515, 626, -1)]
[(-13708, 6172, -7213), (-390, 565, -34)]
[(-13708, 6172, -7213), (-390, 565, -34)]
[(-13708, 6172, -7213), (-390, 565, -34)]
[(-13708, 6172, -7213), (-390, 565, -34)]
[(-13708, 6172, -7213), (-390, 565, -34)]
[(-13708, 6172, -7213), (-390, 565, -34)]
[(-13708, 6172, -7213), (-390, 565, -34)]
[(-13692, 6172, -7263), (-301, 469, -48)]
[(-13692, 6172, -7263), (-301, 469, -48)]
[(-13692, 6172, -7263), (-301, 469, -48)]
[(-13692, 6172, -7263), (-301, 469, -48)]
[(-13692, 6172, -7263), (-301, 469, -48)]
[(-13692, 6172, -7263), (-301, 469, -48)]
[(-13652, 6168, -7294), (-234, 447, -47)]
[(-13652, 6168, -7294), (-234, 447, -47)]
[(-13652, 6168, -7294), (-234, 447, -47)]
[(-13652, 6168, -7294), (-234, 447, -47)]
[(-13652, 6168, -7294), (-234, 447, -47)]
[(-13638, 6189, -7329), (-168, 415, -58)]
[(-13638, 6189, -7329), (-168, 415, -58)]
[(-13638, 6189, -7329), (-168, 415, -58)]
[(-13638, 6189, -7329), (-168, 415, -58)]
[(-13638, 6189, -7329), (-168, 415, -58)]
[(-13638, 6189, -7329), (-168, 415, -58)]
[(-13638, 6189, -7329), (-168, 415, -58)]
[(-13627, 6196, -7380), (-164, 382, -51)]
[(-13627, 6196, -7380), (-164, 382, -51)]
[(-13627, 6196, -7380), (-164, 382, -51)]
[(-13627, 6196, -7380), (-164, 382, -51)]
[(-13627, 6196, -7380), (-164, 382, -51)]
[(-13627, 6196, -7380), (-164, 382, -51)]
[(-13604, 6177, -7443), (-131, 378, -49)]
[(-13604, 6177, -7443), (-131, 378, -49)]
[(-13604, 6177, -7443), (-131, 378, -49)]
[(-13604, 6177, -7443), (-131, 378, -49)]
[(-13604, 6177, -7443), (-131, 378, -49)]
[(-13625, 6170, -7436), (-117, 327, -65)]
[(-13625, 6170, -7436), (-117, 327, -65)]
[(-13625, 6170, -7436), (-117, 327, -65)]
[(-13625, 6170, -7436), (-117, 327, -65)]
[(-13625, 6170, -7436), (-117, 327, -65)]
[(-13644, 6151, -7486), (-101, 308, -60)]
[(-13644, 6151, -7486), (-101, 308, -60)]
[(-13644, 6151, -7486), (-101, 308, -60)]
[(-13644, 6151, -7486), (-101, 308, -60)]
[(-13644, 6151, -7486), (-101, 308, -60)]
[(-13644, 6151, -7486), (-101, 308, -60)]
[(-13635, 6141, -7501), (-99, 242, -53)]
[(-13635, 6141, -7501), (-99, 242, -53)]
[(-13635, 6141, -7501), (-99, 242, -53)]
[(-13635, 6141, -7501), (-99, 242, -53)]
[(-13635, 6141, -7501), (-99, 242, -53)]
[(-13624, 6128, -7529), (-60, 195, -18)]
[(-13624, 6128, -7529), (-60, 195, -18)]
[(-13624, 6128, -7529), (-60, 195, -18)]
[(-13624, 6128, -7529), (-60, 195, -18)]
[(-13624, 6128, -7529), (-60, 195, -18)]
[(-13624, 6128, -7529), (-60, 195, -18)]
[(-13624, 6128, -7529), (-60, 195, -18)]
[(-13620, 6128, -7575), (-51, 189, -1)]
[(-13620, 6128, -7575), (-51, 189, -1)]
[(-13620, 6128, -7575), (-51, 189, -1)]
[(-13620, 6128, -7575), (-51, 189, -1)]
[(-13620, 6128, -7575), (-51, 189, -1)]