[(-14808, 3591, -6612), (-120, 214, 8)]
[(-14832, 3576, -6616), (-73, 225, 1)]
[(-14832, 3570, -6623), (-52, 224, -9)]
[(-14832, 3570, -6623), (-52, 224, -9)]
[(-14832, 3570, -6623), (-52, 224, -9)]
[(-14832, 3570, -6623), (-52, 224, -9)]
[(-14832, 3570, -6623), (-52, 224, -9)]
[(-14832, 3570, -6623), (-52, 224, -9)]
[(-14852, 3602, -6636), (-102, 228, -17)]
[(-14852, 3602, -6636), (-102, 228, -17)]
[(-14852, 3602, -6636), (-102, 228, -17)]
[(-14852, 3602, -6636), (-102, 228, -17)]
[(-14852, 3602, -6636), (-102, 228, -17)]
[(-14852, 3602, -6636), (-102, 228, -17)]
[(-14852, 3602, -6636), (-102, 228, -17)]
[(-14836, 3595, -6610), (-108, 207, -21)]
[(-14836, 3595, -6610), (-108, 207, -21)]
[(-14836, 3595, -6610), (-108, 207, -21)]
[(-14836, 3595, -6610), (-108, 207, -21)]
[(-14836, 3595, -6610), (-108, 207, -21)]
[(-14838, 3580, -6599), (-120, 214, -32)]
[(-14838, 3580, -6599), (-120, 214, -32)]
[(-14838, 3580, -6599), (-120, 214, -32)]
[(-14838, 3580, -6599), (-120, 214, -32)]
[(-14838, 3580, -6599), (-120, 214, -32)]
[(-14838, 3580, -6599), (-120, 214, -32)]
[(-14818, 3567, -6606), (-129, 239, -11)]
[(-14818, 3567, -6606), (-129, 239, -11)]
[(-14818, 3567, -6606), (-129, 239, -11)]
[(-14818, 3567, -6606), (-129, 239, -11)]
[(-14818, 3567, -6606), (-129, 239, -11)]
[(-14818, 3567, -6606), (-129, 239, -11)]
[(-14818, 3567, -6606), (-129, 239, -11)]
[(-14812, 3572, -6637), (-105, 274, 18)]
[(-14812, 3572, -6637), (-105, 274, 18)]
[(-14812, 3572, -6637), (-105, 274, 18)]
[(-14812, 3572, -6637), (-105, 274, 18)]
[(-14812, 3572, -6637), (-105, 274, 18)]
[(-14817, 3588, -6635), (-76, 256, 9)]
[(-14817, 3588, -6635), (-76, 256, 9)]
[(-14817, 3588, -6635), (-76, 256, 9)]
[(-14817, 3588, -6635), (-76, 256, 9)]
[(-14817, 3588, -6635), (-76, 256, 9)]
[(-14817, 3588, -6635), (-76, 256, 9)]
[(-14811, 3595, -6620), (-100, 232, -12)]
[(-14811, 3595, -6620), (-100, 232, -12)]
[(-14811, 3595, -6620), (-100, 232, -12)]
[(-14811, 3595, -6620), (-100, 232, -12)]
[(-14811, 3595, -6620), (-100, 232, -12)]
[(-14811, 3595, -6620), (-100, 232, -12)]
[(-14811, 3595, -6620), (-100, 232, -12)]
[(-14795, 3602, -6577), (-101, 225, 46)]
[(-14795, 3602, -6577), (-101, 225, 46)]
[(-14795, 3602, -6577), (-101, 225, 46)]
[(-14795, 3602, -6577), (-101, 225, 46)]
[(-14795, 3602, -6577), (-101, 225, 46)]
[(-14799, 3611, -6593), (-85, 207, 10)]
[(-14799, 3611, -6593), (-85, 207, 10)]
[(-14799, 3611, -6593), (-85, 207, 10)]
[(-14799, 3611, -6593), (-85, 207, 10)]
[(-14799, 3611, -6593), (-85, 207, 10)]
[(-14799, 3611, -6593), (-85, 207, 10)]
[(-14795, 3619, -6570), (-112, 221, 9)]
[(-14795, 3619, -6570), (-112, 221, 9)]
[(-14795, 3619, -6570), (-112, 221, 9)]
[(-14795, 3619, -6570), (-112, 221, 9)]
[(-14795, 3619, -6570), (-112, 221, 9)]
[(-14812, 3604, -6591), (-113, 215, 6)]
[(-14812, 3604, -6591), (-113, 215, 6)]
[(-14812, 3604, -6591), (-113, 215, 6)]
[(-14812, 3604, -6591), (-113, 215, 6)]
[(-14812, 3604, -6591), (-113, 215, 6)]
[(-14812, 3604, -6591), (-113, 215, 6)]
[(-14812, 3604, -6591), (-113, 215, 6)]
[(-14812, 3617, -6580), (-109, 223, 27)]
[(-14812, 3617, -6580), (-109, 223, 27)]
[(-14812, 3617, -6580), (-109, 223, 27)]
[(-14812, 3617, -6580), (-109, 223, 27)]
[(-14812, 3617, -6580), (-109, 223, 27)]
[(-14812, 3617, -6580), (-109, 223, 27)]
[(-14816, 3614, -6581), (-81, 208, 24)]
[(-14816, 3614, -6581), (-81, 208, 24)]
[(-14816, 3614, -6581), (-81, 208, 24)]
[(-14816, 3614, -6581), (-81, 208, 24)]
[(-14816, 3614, -6581), (-81, 208, 24)]
[(-14834, 3615, -6548), (-82, 194, 18)]
[(-14834, 3615, -6548), (-82, 194, 18)]
[(-14834, 3615, -6548), (-82, 194, 18)]
[(-14834, 3615, -6548), (-82, 194, 18)]
[(-14834, 3615, -6548), (-82, 194, 18)]
[(-14834, 3615, -6548), (-82, 194, 18)]
[(-14834, 3615, -6548), (-82, 194, 18)]
[(-14812, 3600, -6556), (7, 111, 62)]
[(-14812, 3600, -6556), (7, 111, 62)]
[(-14812, 3600, -6556), (7, 111, 62)]
[(-14812, 3600, -6556), (7, 111, 62)]
[(-14812, 3600, -6556), (7, 111, 62)]
[(-14812, 3600, -6556), (7, 111, 62)]
[(-14832, 3635, -6571), (52, 124, 42)]
[(-14832, 3635, -6571), (52, 124, 42)]
[(-14832, 3635, -6571), (52, 124, 42)]
[(-14832, 3635, -6571), (52, 124, 42)]
[(-14848, 3606, -6580), (-42, 173, 37)]
[(-14848, 3606, -6580), (-42, 173, 37)]
[(-14848, 3606, -6580), (-42, 173, 37)]
[(-14848, 3606, -6580), (-42, 173, 37)]
[(-14848, 3606, -6580), (-42, 173, 37)]
[(-14848, 3606, -6580), (-42, 173, 37)]
[(-14848, 3606, -6580), (-42, 173, 37)]
[(-14832, 3581, -6589), (-99, 191, 23)]
[(-14832, 3581, -6589), (-99, 191, 23)]
[(-14832, 3581, -6589), (-99, 191, 23)]
[(-14832, 3581, -6589), (-99, 191, 23)]
[(-14832, 3581, -6589), (-99, 191, 23)]
[(-14832, 3581, -6589), (-99, 191, 23)]
[(-14820, 3568, -6591), (-120, 227, 26)]
[(-14820, 3568, -6591), (-120, 227, 26)]
[(-14820, 3568, -6591), (-120, 227, 26)]
[(-14820, 3568, -6591), (-120, 227, 26)]
[(-14820, 3568, -6591), (-120, 227, 26)]
[(-14838, 3567, -6560), (-95, 241, 7)]
[(-14838, 3567, -6560), (-95, 241, 7)]
[(-14838, 3567, -6560), (-95, 241, 7)]
[(-14838, 3567, -6560), (-95, 241, 7)]