[(-14823, 4498, -5696), (44, 14, 90)]
[(-14804, 4539, -5671), (-93, 138, 125)]
[(-14788, 4568, -5655), (-155, 210, 101)]
[(-14788, 4568, -5655), (-155, 210, 101)]
[(-14788, 4568, -5655), (-155, 210, 101)]
[(-14788, 4568, -5655), (-155, 210, 101)]
[(-14788, 4568, -5655), (-155, 210, 101)]
[(-14788, 4568, -5655), (-155, 210, 101)]
[(-14807, 4544, -5620), (-30, 227, 49)]
[(-14807, 4544, -5620), (-30, 227, 49)]
[(-14807, 4544, -5620), (-30, 227, 49)]
[(-14807, 4544, -5620), (-30, 227, 49)]
[(-14807, 4544, -5620), (-30, 227, 49)]
[(-14816, 4591, -5648), (240, 126, 98)]
[(-14816, 4591, -5648), (240, 126, 98)]
[(-14816, 4591, -5648), (240, 126, 98)]
[(-14816, 4591, -5648), (240, 126, 98)]
[(-14816, 4591, -5648), (240, 126, 98)]
[(-14816, 4591, -5648), (240, 126, 98)]
[(-14816, 4591, -5648), (240, 126, 98)]
[(-14808, 4611, -5645), (72, 242, 101)]
[(-14808, 4611, -5645), (72, 242, 101)]
[(-14808, 4611, -5645), (72, 242, 101)]
[(-14808, 4611, -5645), (72, 242, 101)]
[(-14808, 4611, -5645), (72, 242, 101)]
[(-14808, 4611, -5645), (72, 242, 101)]
[(-14808, 4611, -5645), (72, 242, 101)]
[(-14782, 4636, -5612), (-8, 299, 74)]
[(-14782, 4636, -5612), (-8, 299, 74)]
[(-14782, 4636, -5612), (-8, 299, 74)]
[(-14782, 4636, -5612), (-8, 299, 74)]
[(-14788, 4623, -5600), (-31, 247, 51)]
[(-14788, 4623, -5600), (-31, 247, 51)]
[(-14788, 4623, -5600), (-31, 247, 51)]
[(-14788, 4623, -5600), (-31, 247, 51)]
[(-14788, 4623, -5600), (-31, 247, 51)]
[(-14788, 4623, -5600), (-31, 247, 51)]
[(-14788, 4623, -5600), (-31, 247, 51)]
[(-14777, 4621, -5640), (-127, 269, 29)]
[(-14777, 4621, -5640), (-127, 269, 29)]
[(-14777, 4621, -5640), (-127, 269, 29)]
[(-14777, 4621, -5640), (-127, 269, 29)]
[(-14777, 4621, -5640), (-127, 269, 29)]
[(-14777, 4621, -5640), (-127, 269, 29)]
[(-14794, 4616, -5653), (-163, 217, 35)]
[(-14794, 4616, -5653), (-163, 217, 35)]
[(-14794, 4616, -5653), (-163, 217, 35)]
[(-14794, 4616, -5653), (-163, 217, 35)]
[(-14794, 4616, -5653), (-163, 217, 35)]
[(-14798, 4632, -5651), (-408, 302, 14)]
[(-14798, 4632, -5651), (-408, 302, 14)]
[(-14798, 4632, -5651), (-408, 302, 14)]
[(-14798, 4632, -5651), (-408, 302, 14)]
[(-14798, 4632, -5651), (-408, 302, 14)]
[(-14798, 4632, -5651), (-408, 302, 14)]
[(-14798, 4632, -5651), (-408, 302, 14)]
[(-14788, 4651, -5668), (-508, 338, 22)]
[(-14788, 4651, -5668), (-508, 338, 22)]
[(-14788, 4651, -5668), (-508, 338, 22)]
[(-14788, 4651, -5668), (-508, 338, 22)]
[(-14788, 4651, -5668), (-508, 338, 22)]
[(-14788, 4651, -5668), (-508, 338, 22)]
[(-14777, 4661, -5726), (-647, 360, 19)]
[(-14777, 4661, -5726), (-647, 360, 19)]
[(-14777, 4661, -5726), (-647, 360, 19)]
[(-14777, 4661, -5726), (-647, 360, 19)]
[(-14777, 4661, -5726), (-647, 360, 19)]
[(-14780, 4699, -5710), (-632, 331, -2)]
[(-14780, 4699, -5710), (-632, 331, -2)]
[(-14780, 4699, -5710), (-632, 331, -2)]
[(-14780, 4699, -5710), (-632, 331, -2)]
[(-14780, 4699, -5710), (-632, 331, -2)]
[(-14780, 4699, -5710), (-632, 331, -2)]
[(-14780, 4699, -5710), (-632, 331, -2)]
[(-14780, 4699, -5710), (-632, 331, -2)]
[(-14780, 4699, -5710), (-632, 331, -2)]
[(-14806, 4714, -5684), (-553, 269, -12)]
[(-14806, 4714, -5684), (-553, 269, -12)]
[(-14806, 4714, -5684), (-553, 269, -12)]
[(-14806, 4714, -5684), (-553, 269, -12)]
[(-14825, 4612, -5666), (5, -113, 112)]
[(-14825, 4612, -5666), (5, -113, 112)]
[(-14825, 4612, -5666), (5, -113, 112)]
[(-14825, 4612, -5666), (5, -113, 112)]
[(-14825, 4612, -5666), (5, -113, 112)]
[(-14812, 4686, -5749), (809, -285, 279)]
[(-14812, 4686, -5749), (809, -285, 279)]
[(-14812, 4686, -5749), (809, -285, 279)]
[(-14812, 4686, -5749), (809, -285, 279)]
[(-14812, 4686, -5749), (809, -285, 279)]
[(-14812, 4686, -5749), (809, -285, 279)]
[(-14812, 4686, -5749), (809, -285, 279)]
[(-14755, 4790, -5621), (625, -216, 247)]
[(-14755, 4790, -5621), (625, -216, 247)]
[(-14755, 4790, -5621), (625, -216, 247)]
[(-14755, 4790, -5621), (625, -216, 247)]
[(-14755, 4790, -5621), (625, -216, 247)]
[(-14763, 4788, -5596), (155, 238, 103)]
[(-14763, 4788, -5596), (155, 238, 103)]
[(-14763, 4788, -5596), (155, 238, 103)]
[(-14763, 4788, -5596), (155, 238, 103)]
[(-14763, 4788, -5596), (155, 238, 103)]
[(-14765, 4754, -5581), (181, 263, 145)]
[(-14765, 4754, -5581), (181, 263, 145)]
[(-14765, 4754, -5581), (181, 263, 145)]
[(-14765, 4754, -5581), (181, 263, 145)]
[(-14765, 4754, -5581), (181, 263, 145)]
[(-14765, 4754, -5581), (181, 263, 145)]
[(-14765, 4754, -5581), (181, 263, 145)]
[(-14765, 4754, -5581), (181, 263, 145)]
[(-14767, 4668, -5464), (889, -194, 299)]
[(-14767, 4668, -5464), (889, -194, 299)]
[(-14767, 4668, -5464), (889, -194, 299)]
[(-14767, 4668, -5464), (889, -194, 299)]
[(-14767, 4668, -5464), (889, -194, 299)]
[(-14724, 4746, -5432), (1036, -203, 515)]
[(-14794, 4848, -5505), (207, 129, 120)]
[(-14788, 4860, -5503), (171, 227, 151)]
[(-14788, 4860, -5503), (171, 227, 151)]
[(-14788, 4860, -5503), (171, 227, 151)]
[(-14788, 4860, -5503), (171, 227, 151)]
[(-14772, 4870, -5429), (117, 232, 166)]
[(-14772, 4870, -5429), (117, 232, 166)]
[(-14772, 4870, -5429), (117, 232, 166)]
[(-14772, 4870, -5429), (117, 232, 166)]
[(-14772, 4870, -5429), (117, 232, 166)]
[(-14766, 4892, -5511), (80, 253, 113)]
[(-14766, 4892, -5511), (80, 253, 113)]
[(-14766, 4892, -5511), (80, 253, 113)]
[(-14766, 4892, -5511), (80, 253, 113)]
[(-14766, 4892, -5511), (80, 253, 113)]
[(-14766, 4892, -5511), (80, 253, 113)]
[(-14766, 4892, -5511), (80, 253, 113)]
[(-14766, 4892, -5511), (80, 253, 113)]
[(-14747, 4932, -5540), (-43, 307, 58)]
[(-14747, 4932, -5540), (-43, 307, 58)]
[(-14747, 4932, -5540), (-43, 307, 58)]
[(-14747, 4932, -5540), (-43, 307, 58)]
[(-14747, 4932, -5540), (-43, 307, 58)]
[(-14750, 4941, -5636), (-255, 337, -23)]
[(-14750, 4941, -5636), (-255, 337, -23)]
[(-14750, 4941, -5636), (-255, 337, -23)]
[(-14750, 4941, -5636), (-255, 337, -23)]
[(-14750, 4941, -5636), (-255, 337, -23)]
[(-14738, 4931, -5623), (-651, 433, -83)]
[(-14738, 4931, -5623), (-651, 433, -83)]
[(-14738, 4931, -5623), (-651, 433, -83)]
[(-14738, 4931, -5623), (-651, 433, -83)]
[(-14738, 4931, -5623), (-651, 433, -83)]
[(-14738, 4931, -5623), (-651, 433, -83)]
[(-14738, 4931, -5623), (-651, 433, -83)]
[(-14712, 4934, -5652), (-807, 401, -84)]
[(-14712, 4934, -5652), (-807, 401, -84)]
[(-14712, 4934, -5652), (-807, 401, -84)]
[(-14712, 4934, -5652), (-807, 401, -84)]
[(-14712, 4934, -5652), (-807, 401, -84)]
[(-14712, 4934, -5652), (-807, 401, -84)]
[(-14711, 4956, -5622), (-910, 420, -65)]
[(-14711, 4956, -5622), (-910, 420, -65)]
[(-14711, 4956, -5622), (-910, 420, -65)]
[(-14711, 4956, -5622), (-910, 420, -65)]
[(-14711, 4956, -5622), (-910, 420, -65)]
[(-14724, 4969, -5570), (-785, 307, -41)]
[(-14724, 4969, -5570), (-785, 307, -41)]
[(-14724, 4969, -5570), (-785, 307, -41)]
[(-14724, 4969, -5570), (-785, 307, -41)]
[(-14724, 4969, -5570), (-785, 307, -41)]
[(-14724, 4969, -5570), (-785, 307, -41)]
[(-14724, 4969, -5570), (-785, 307, -41)]
[(-14724, 4969, -5570), (-785, 307, -41)]
[(-14716, 5003, -5533), (-721, 267, -28)]
[(-14716, 5003, -5533), (-721, 267, -28)]
[(-14716, 5003, -5533), (-721, 267, -28)]
[(-14716, 5003, -5533), (-721, 267, -28)]
[(-14716, 5003, -5533), (-721, 267, -28)]
[(-14719, 4988, -5505), (-656, 239, 21)]
[(-14719, 4988, -5505), (-656, 239, 21)]
[(-14719, 4988, -5505), (-656, 239, 21)]
[(-14719, 4988, -5505), (-656, 239, 21)]
[(-14700, 5039, -5512), (-455, 226, 69)]
[(-14700, 5039, -5512), (-455, 226, 69)]
[(-14700, 5039, -5512), (-455, 226, 69)]
[(-14700, 5039, -5512), (-455, 226, 69)]
[(-14700, 5039, -5512), (-455, 226, 69)]
[(-14700, 5039, -5512), (-455, 226, 69)]
[(-14727, 5021, -5484), (-229, 87, 34)]
[(-14727, 5021, -5484), (-229, 87, 34)]
[(-14727, 5021, -5484), (-229, 87, 34)]
[(-14727, 5021, -5484), (-229, 87, 34)]
[(-14727, 5021, -5484), (-229, 87, 34)]
[(-14727, 5021, -5484), (-229, 87, 34)]
[(-14727, 5021, -5484), (-229, 87, 34)]
[(-14742, 5006, -5478), (5, 62, 15)]
[(-14742, 5006, -5478), (5, 62, 15)]
[(-14742, 5006, -5478), (5, 62, 15)]
[(-14742, 5006, -5478), (5, 62, 15)]
[(-14742, 5006, -5478), (5, 62, 15)]
[(-14742, 5006, -5478), (5, 62, 15)]
[(-14756, 4996, -5501), (36, 59, 25)]
[(-14756, 4996, -5501), (36, 59, 25)]
[(-14756, 4996, -5501), (36, 59, 25)]
[(-14756, 4996, -5501), (36, 59, 25)]
[(-14756, 4996, -5501), (36, 59, 25)]
[(-14758, 5003, -5460), (63, 81, 29)]