[(-15466, 1360, -5462), (-90, 218, 40)]
[(-15482, 1392, -5482), (-125, 212, 83)]
[(-15482, 1392, -5482), (-125, 212, 83)]
[(-15482, 1392, -5482), (-125, 212, 83)]
[(-15482, 1392, -5482), (-125, 212, 83)]
[(-15482, 1392, -5482), (-125, 212, 83)]
[(-15482, 1392, -5482), (-125, 212, 83)]
[(-15482, 1392, -5482), (-125, 212, 83)]
[(-15480, 1400, -5481), (-168, 225, 83)]
[(-15480, 1400, -5481), (-168, 225, 83)]
[(-15480, 1400, -5481), (-168, 225, 83)]
[(-15480, 1400, -5481), (-168, 225, 83)]
[(-15480, 1400, -5481), (-168, 225, 83)]
[(-15484, 1420, -5489), (-165, 227, 89)]
[(-15484, 1420, -5489), (-165, 227, 89)]
[(-15484, 1420, -5489), (-165, 227, 89)]
[(-15484, 1420, -5489), (-165, 227, 89)]
[(-15484, 1420, -5489), (-165, 227, 89)]
[(-15484, 1420, -5489), (-165, 227, 89)]
[(-15486, 1457, -5484), (-168, 231, 97)]
[(-15486, 1457, -5484), (-168, 231, 97)]
[(-15486, 1457, -5484), (-168, 231, 97)]
[(-15486, 1457, -5484), (-168, 231, 97)]
[(-15486, 1457, -5484), (-168, 231, 97)]
[(-15486, 1457, -5484), (-168, 231, 97)]
[(-15486, 1457, -5484), (-168, 231, 97)]
[(-15489, 1460, -5492), (-151, 219, 85)]
[(-15489, 1460, -5492), (-151, 219, 85)]
[(-15489, 1460, -5492), (-151, 219, 85)]
[(-15489, 1460, -5492), (-151, 219, 85)]
[(-15489, 1460, -5492), (-151, 219, 85)]
[(-15477, 1478, -5503), (-122, 210, 71)]
[(-15477, 1478, -5503), (-122, 210, 71)]
[(-15477, 1478, -5503), (-122, 210, 71)]
[(-15477, 1478, -5503), (-122, 210, 71)]
[(-15477, 1478, -5503), (-122, 210, 71)]
[(-15477, 1478, -5503), (-122, 210, 71)]
[(-15497, 1496, -5488), (-139, 202, 62)]
[(-15497, 1496, -5488), (-139, 202, 62)]
[(-15497, 1496, -5488), (-139, 202, 62)]
[(-15497, 1496, -5488), (-139, 202, 62)]
[(-15497, 1496, -5488), (-139, 202, 62)]
[(-15497, 1496, -5488), (-139, 202, 62)]
[(-15497, 1496, -5488), (-139, 202, 62)]
[(-15506, 1504, -5466), (-147, 179, 55)]
[(-15506, 1504, -5466), (-147, 179, 55)]
[(-15506, 1504, -5466), (-147, 179, 55)]
[(-15506, 1504, -5466), (-147, 179, 55)]
[(-15506, 1504, -5466), (-147, 179, 55)]
[(-15506, 1504, -5466), (-147, 179, 55)]
[(-15493, 1480, -5458), (-136, 152, 55)]
[(-15493, 1480, -5458), (-136, 152, 55)]
[(-15493, 1480, -5458), (-136, 152, 55)]
[(-15493, 1480, -5458), (-136, 152, 55)]
[(-15493, 1480, -5458), (-136, 152, 55)]
[(-15476, 1495, -5452), (-137, 156, 49)]
[(-15476, 1495, -5452), (-137, 156, 49)]
[(-15476, 1495, -5452), (-137, 156, 49)]
[(-15476, 1495, -5452), (-137, 156, 49)]
[(-15476, 1495, -5452), (-137, 156, 49)]
[(-15476, 1495, -5452), (-137, 156, 49)]
[(-15476, 1495, -5452), (-137, 156, 49)]
[(-15484, 1472, -5456), (-134, 160, 45)]
[(-15484, 1472, -5456), (-134, 160, 45)]
[(-15484, 1472, -5456), (-134, 160, 45)]
[(-15484, 1472, -5456), (-134, 160, 45)]
[(-15484, 1472, -5456), (-134, 160, 45)]
[(-15484, 1472, -5456), (-134, 160, 45)]
[(-15489, 1474, -5428), (-119, 171, 39)]
[(-15489, 1474, -5428), (-119, 171, 39)]
[(-15489, 1474, -5428), (-119, 171, 39)]
[(-15489, 1474, -5428), (-119, 171, 39)]
[(-15489, 1474, -5428), (-119, 171, 39)]
[(-15479, 1448, -5419), (-91, 163, 34)]
[(-15479, 1448, -5419), (-91, 163, 34)]
[(-15479, 1448, -5419), (-91, 163, 34)]
[(-15479, 1448, -5419), (-91, 163, 34)]
[(-15479, 1448, -5419), (-91, 163, 34)]
[(-15479, 1448, -5419), (-91, 163, 34)]
[(-15479, 1448, -5419), (-91, 163, 34)]
[(-15504, 1440, -5409), (-90, 149, 24)]
[(-15504, 1440, -5409), (-90, 149, 24)]
[(-15504, 1440, -5409), (-90, 149, 24)]
[(-15504, 1440, -5409), (-90, 149, 24)]
[(-15504, 1440, -5409), (-90, 149, 24)]
[(-15504, 1440, -5409), (-90, 149, 24)]
[(-15525, 1465, -5395), (-136, 135, 50)]
[(-15525, 1465, -5395), (-136, 135, 50)]
[(-15525, 1465, -5395), (-136, 135, 50)]
[(-15525, 1465, -5395), (-136, 135, 50)]
[(-15520, 1520, -5345), (-210, 136, 69)]
[(-15520, 1520, -5345), (-210, 136, 69)]
[(-15520, 1520, -5345), (-210, 136, 69)]
[(-15520, 1520, -5345), (-210, 136, 69)]
[(-15520, 1520, -5345), (-210, 136, 69)]
[(-15520, 1520, -5345), (-210, 136, 69)]
[(-15520, 1520, -5345), (-210, 136, 69)]
[(-15478, 1516, -5340), (-128, 158, 79)]
[(-15478, 1516, -5340), (-128, 158, 79)]
[(-15478, 1516, -5340), (-128, 158, 79)]
[(-15478, 1516, -5340), (-128, 158, 79)]
[(-15478, 1516, -5340), (-128, 158, 79)]
[(-15478, 1516, -5340), (-128, 158, 79)]
[(-15476, 1507, -5386), (-98, 148, 54)]
[(-15476, 1507, -5386), (-98, 148, 54)]
[(-15476, 1507, -5386), (-98, 148, 54)]
[(-15476, 1507, -5386), (-98, 148, 54)]
[(-15476, 1507, -5386), (-98, 148, 54)]
[(-15476, 1507, -5386), (-98, 148, 54)]
[(-15466, 1512, -5367), (-72, 138, 76)]
[(-15466, 1512, -5367), (-72, 138, 76)]
[(-15466, 1512, -5367), (-72, 138, 76)]
[(-15466, 1512, -5367), (-72, 138, 76)]
[(-15466, 1512, -5367), (-72, 138, 76)]