[(-15256, 2254, -6033), (-110, 126, 59)]
[(-15246, 2292, -6049), (-154, 146, 35)]
[(-15246, 2292, -6049), (-154, 146, 35)]
[(-15246, 2292, -6049), (-154, 146, 35)]
[(-15246, 2292, -6049), (-154, 146, 35)]
[(-15246, 2292, -6049), (-154, 146, 35)]
[(-15238, 2292, -6069), (-100, 143, 32)]
[(-15238, 2292, -6069), (-100, 143, 32)]
[(-15238, 2292, -6069), (-100, 143, 32)]
[(-15238, 2292, -6069), (-100, 143, 32)]
[(-15238, 2292, -6069), (-100, 143, 32)]
[(-15192, 2295, -6068), (-125, 170, 16)]
[(-15192, 2295, -6068), (-125, 170, 16)]
[(-15192, 2295, -6068), (-125, 170, 16)]
[(-15192, 2295, -6068), (-125, 170, 16)]
[(-15192, 2295, -6068), (-125, 170, 16)]
[(-15192, 2295, -6068), (-125, 170, 16)]
[(-15192, 2295, -6068), (-125, 170, 16)]
[(-15216, 2302, -6047), (-110, 170, 6)]
[(-15216, 2302, -6047), (-110, 170, 6)]
[(-15216, 2302, -6047), (-110, 170, 6)]
[(-15216, 2302, -6047), (-110, 170, 6)]
[(-15216, 2302, -6047), (-110, 170, 6)]
[(-15216, 2302, -6047), (-110, 170, 6)]
[(-15217, 2308, -6037), (-141, 165, -5)]
[(-15217, 2308, -6037), (-141, 165, -5)]
[(-15217, 2308, -6037), (-141, 165, -5)]
[(-15217, 2308, -6037), (-141, 165, -5)]
[(-15217, 2308, -6037), (-141, 165, -5)]
[(-15224, 2290, -6064), (-171, 173, 4)]
[(-15224, 2290, -6064), (-171, 173, 4)]
[(-15224, 2290, -6064), (-171, 173, 4)]
[(-15224, 2290, -6064), (-171, 173, 4)]
[(-15224, 2290, -6064), (-171, 173, 4)]
[(-15224, 2290, -6064), (-171, 173, 4)]
[(-15224, 2290, -6064), (-171, 173, 4)]
[(-15224, 2290, -6064), (-171, 173, 4)]
[(-15240, 2288, -6033), (-136, 129, -12)]
[(-15240, 2288, -6033), (-136, 129, -12)]
[(-15240, 2288, -6033), (-136, 129, -12)]
[(-15240, 2288, -6033), (-136, 129, -12)]
[(-15240, 2288, -6033), (-136, 129, -12)]
[(-15248, 2277, -6003), (-119, 106, -14)]
[(-15248, 2277, -6003), (-119, 106, -14)]
[(-15248, 2277, -6003), (-119, 106, -14)]
[(-15248, 2277, -6003), (-119, 106, -14)]
[(-15248, 2277, -6003), (-119, 106, -14)]
[(-15260, 2273, -5992), (-104, 123, -42)]
[(-15260, 2273, -5992), (-104, 123, -42)]
[(-15260, 2273, -5992), (-104, 123, -42)]
[(-15260, 2273, -5992), (-104, 123, -42)]
[(-15260, 2273, -5992), (-104, 123, -42)]
[(-15260, 2273, -5992), (-104, 123, -42)]
[(-15287, 2258, -5944), (-113, 128, -44)]
[(-15287, 2258, -5944), (-113, 128, -44)]
[(-15287, 2258, -5944), (-113, 128, -44)]
[(-15287, 2258, -5944), (-113, 128, -44)]
[(-15287, 2258, -5944), (-113, 128, -44)]
[(-15287, 2258, -5944), (-113, 128, -44)]
[(-15287, 2258, -5944), (-113, 128, -44)]
[(-15316, 2249, -5917), (-99, 156, -51)]
[(-15316, 2249, -5917), (-99, 156, -51)]
[(-15316, 2249, -5917), (-99, 156, -51)]
[(-15316, 2249, -5917), (-99, 156, -51)]
[(-15316, 2249, -5917), (-99, 156, -51)]
[(-15316, 2249, -5917), (-99, 156, -51)]
[(-15335, 2223, -5926), (-90, 171, -46)]
[(-15335, 2223, -5926), (-90, 171, -46)]
[(-15335, 2223, -5926), (-90, 171, -46)]
[(-15335, 2223, -5926), (-90, 171, -46)]
[(-15335, 2223, -5926), (-90, 171, -46)]
[(-15338, 2179, -5940), (-87, 176, -30)]
[(-15338, 2179, -5940), (-87, 176, -30)]
[(-15338, 2179, -5940), (-87, 176, -30)]
[(-15338, 2179, -5940), (-87, 176, -30)]
[(-15338, 2179, -5940), (-87, 176, -30)]
[(-15338, 2179, -5940), (-87, 176, -30)]
[(-15338, 2179, -5940), (-87, 176, -30)]
[(-15334, 2176, -5960), (-167, 202, -77)]
[(-15334, 2176, -5960), (-167, 202, -77)]
[(-15334, 2176, -5960), (-167, 202, -77)]
[(-15334, 2176, -5960), (-167, 202, -77)]
[(-15334, 2176, -5960), (-167, 202, -77)]
[(-15319, 2163, -5912), (-140, 125, -26)]
[(-15319, 2163, -5912), (-140, 125, -26)]
[(-15319, 2163, -5912), (-140, 125, -26)]
[(-15319, 2163, -5912), (-140, 125, -26)]
[(-15319, 2163, -5912), (-140, 125, -26)]
[(-15319, 2163, -5912), (-140, 125, -26)]
[(-15294, 2128, -5900), (-83, 138, -36)]
[(-15294, 2128, -5900), (-83, 138, -36)]
[(-15294, 2128, -5900), (-83, 138, -36)]
[(-15294, 2128, -5900), (-83, 138, -36)]
[(-15294, 2128, -5900), (-83, 138, -36)]
[(-15294, 2128, -5900), (-83, 138, -36)]
[(-15282, 2097, -5916), (-55, 108, -31)]
[(-15282, 2097, -5916), (-55, 108, -31)]
[(-15282, 2097, -5916), (-55, 108, -31)]
[(-15282, 2097, -5916), (-55, 108, -31)]
[(-15253, 2085, -5934), (-51, 94, -29)]
[(-15253, 2085, -5934), (-51, 94, -29)]
[(-15253, 2085, -5934), (-51, 94, -29)]
[(-15253, 2085, -5934), (-51, 94, -29)]
[(-15253, 2085, -5934), (-51, 94, -29)]
[(-15249, 2072, -5934), (-46, 132, -32)]
[(-15249, 2072, -5934), (-46, 132, -32)]
[(-15249, 2072, -5934), (-46, 132, -32)]
[(-15249, 2072, -5934), (-46, 132, -32)]
[(-15249, 2072, -5934), (-46, 132, -32)]
[(-15249, 2072, -5934), (-46, 132, -32)]
[(-15249, 2072, -5934), (-46, 132, -32)]
[(-15249, 2072, -5934), (-46, 132, -32)]
[(-15267, 2076, -5919), (-87, 183, -38)]
[(-15267, 2076, -5919), (-87, 183, -38)]
[(-15267, 2076, -5919), (-87, 183, -38)]
[(-15267, 2076, -5919), (-87, 183, -38)]
[(-15267, 2076, -5919), (-87, 183, -38)]
[(-15278, 2049, -5926), (-141, 221, -13)]
[(-15278, 2049, -5926), (-141, 221, -13)]