[(-15617, 1868, -4906), (-67, 171, 25)]
[(-15616, 1862, -4886), (-72, 178, 19)]
[(-15616, 1862, -4886), (-72, 178, 19)]
[(-15616, 1862, -4886), (-72, 178, 19)]
[(-15616, 1862, -4886), (-72, 178, 19)]
[(-15616, 1862, -4886), (-72, 178, 19)]
[(-15616, 1862, -4886), (-72, 178, 19)]
[(-15605, 1841, -4883), (-102, 179, 26)]
[(-15613, 1826, -4900), (-99, 185, 43)]
[(-15613, 1826, -4900), (-99, 185, 43)]
[(-15613, 1826, -4900), (-99, 185, 43)]
[(-15613, 1826, -4900), (-99, 185, 43)]
[(-15613, 1826, -4900), (-99, 185, 43)]
[(-15613, 1826, -4900), (-99, 185, 43)]
[(-15613, 1826, -4900), (-99, 185, 43)]
[(-15613, 1826, -4900), (-99, 185, 43)]
[(-15613, 1826, -4900), (-99, 185, 43)]
[(-15613, 1826, -4900), (-99, 185, 43)]
[(-15618, 1836, -4904), (-90, 206, 59)]
[(-15618, 1836, -4904), (-90, 206, 59)]
[(-15618, 1836, -4904), (-90, 206, 59)]
[(-15627, 1820, -4936), (-129, 193, 47)]
[(-15627, 1820, -4936), (-129, 193, 47)]
[(-15627, 1820, -4936), (-129, 193, 47)]
[(-15627, 1820, -4936), (-129, 193, 47)]
[(-15627, 1820, -4936), (-129, 193, 47)]
[(-15627, 1820, -4936), (-129, 193, 47)]
[(-15620, 1834, -4960), (-501, 394, 61)]
[(-15620, 1834, -4960), (-501, 394, 61)]
[(-15620, 1834, -4960), (-501, 394, 61)]
[(-15620, 1834, -4960), (-501, 394, 61)]
[(-15620, 1834, -4960), (-501, 394, 61)]
[(-15620, 1834, -4960), (-501, 394, 61)]
[(-15620, 1834, -4960), (-501, 394, 61)]
[(-15562, 1884, -5023), (-638, 997, 195)]
[(-15562, 1884, -5023), (-638, 997, 195)]
[(-15562, 1884, -5023), (-638, 997, 195)]
[(-15562, 1884, -5023), (-638, 997, 195)]
[(-15562, 1884, -5023), (-638, 997, 195)]
[(-15598, 1997, -5086), (-591, 1009, 248)]
[(-15598, 1997, -5086), (-591, 1009, 248)]
[(-15598, 1997, -5086), (-591, 1009, 248)]
[(-15598, 1997, -5086), (-591, 1009, 248)]
[(-15598, 1997, -5086), (-591, 1009, 248)]
[(-15598, 1997, -5086), (-591, 1009, 248)]
[(-15535, 2044, -5228), (-545, 775, 177)]
[(-15535, 2044, -5228), (-545, 775, 177)]
[(-15535, 2044, -5228), (-545, 775, 177)]
[(-15535, 2044, -5228), (-545, 775, 177)]
[(-15535, 2044, -5228), (-545, 775, 177)]
[(-15535, 2044, -5228), (-545, 775, 177)]
[(-15535, 2044, -5228), (-545, 775, 177)]
[(-15476, 2122, -5318), (-524, 638, 149)]
[(-15476, 2122, -5318), (-524, 638, 149)]
[(-15476, 2122, -5318), (-524, 638, 149)]
[(-15476, 2122, -5318), (-524, 638, 149)]
[(-15476, 2122, -5318), (-524, 638, 149)]
[(-15470, 2142, -5386), (-437, 537, 142)]
[(-15470, 2142, -5386), (-437, 537, 142)]
[(-15470, 2142, -5386), (-437, 537, 142)]
[(-15470, 2142, -5386), (-437, 537, 142)]
[(-15470, 2142, -5386), (-437, 537, 142)]
[(-15470, 2142, -5386), (-437, 537, 142)]
[(-15444, 2180, -5384), (-209, 350, 68)]
[(-15444, 2180, -5384), (-209, 350, 68)]
[(-15444, 2180, -5384), (-209, 350, 68)]
[(-15444, 2180, -5384), (-209, 350, 68)]
[(-15444, 2180, -5384), (-209, 350, 68)]
[(-15444, 2180, -5384), (-209, 350, 68)]
[(-15444, 2180, -5384), (-209, 350, 68)]
[(-15493, 2135, -5366), (1059, -511, -84)]
[(-15493, 2135, -5366), (1059, -511, -84)]
[(-15493, 2135, -5366), (1059, -511, -84)]
[(-15493, 2135, -5366), (1059, -511, -84)]
[(-15493, 2135, -5366), (1059, -511, -84)]
[(-15563, 2122, -5315), (1212, -736, -39)]
[(-15563, 2122, -5315), (1212, -736, -39)]
[(-15563, 2122, -5315), (1212, -736, -39)]
[(-15563, 2122, -5315), (1212, -736, -39)]
[(-15563, 2122, -5315), (1212, -736, -39)]
[(-15563, 2122, -5315), (1212, -736, -39)]
[(-15588, 2132, -5222), (901, -549, 80)]
[(-15588, 2132, -5222), (901, -549, 80)]
[(-15588, 2132, -5222), (901, -549, 80)]
[(-15588, 2132, -5222), (901, -549, 80)]
[(-15588, 2132, -5222), (901, -549, 80)]
[(-15588, 2132, -5222), (901, -549, 80)]
[(-15588, 2132, -5222), (901, -549, 80)]
[(-15600, 2153, -5158), (644, -327, 237)]
[(-15600, 2153, -5158), (644, -327, 237)]
[(-15600, 2153, -5158), (644, -327, 237)]
[(-15600, 2153, -5158), (644, -327, 237)]
[(-15600, 2153, -5158), (644, -327, 237)]
[(-15562, 2205, -5099), (387, -97, 386)]
[(-15562, 2205, -5099), (387, -97, 386)]
[(-15562, 2205, -5099), (387, -97, 386)]
[(-15562, 2205, -5099), (387, -97, 386)]
[(-15562, 2205, -5099), (387, -97, 386)]
[(-15562, 2205, -5099), (387, -97, 386)]
[(-15558, 2132, -5103), (410, -26, 227)]
[(-15558, 2132, -5103), (410, -26, 227)]
[(-15558, 2132, -5103), (410, -26, 227)]
[(-15558, 2132, -5103), (410, -26, 227)]
[(-15558, 2132, -5103), (410, -26, 227)]
[(-15558, 2132, -5103), (410, -26, 227)]
[(-15525, 2271, -5078), (293, -53, 154)]
[(-15525, 2271, -5078), (293, -53, 154)]
[(-15525, 2271, -5078), (293, -53, 154)]
[(-15525, 2271, -5078), (293, -53, 154)]
[(-15525, 2271, -5078), (293, -53, 154)]
[(-15489, 2316, -5092), (258, 47, 192)]
[(-15489, 2316, -5092), (258, 47, 192)]
[(-15489, 2316, -5092), (258, 47, 192)]
[(-15489, 2316, -5092), (258, 47, 192)]
[(-15489, 2316, -5092), (258, 47, 192)]
[(-15489, 2316, -5092), (258, 47, 192)]
[(-15495, 2288, -5092), (210, 117, 84)]
[(-15495, 2288, -5092), (210, 117, 84)]
[(-15495, 2288, -5092), (210, 117, 84)]
[(-15495, 2288, -5092), (210, 117, 84)]
[(-15495, 2288, -5092), (210, 117, 84)]
[(-15495, 2288, -5092), (210, 117, 84)]
[(-15495, 2288, -5092), (210, 117, 84)]
[(-15495, 2308, -5118), (282, 136, -37)]
[(-15495, 2308, -5118), (282, 136, -37)]
[(-15495, 2308, -5118), (282, 136, -37)]
[(-15495, 2308, -5118), (282, 136, -37)]
[(-15495, 2308, -5118), (282, 136, -37)]
[(-15480, 2332, -5148), (182, 167, 36)]
[(-15480, 2332, -5148), (182, 167, 36)]