[(-14304, 5666, -6391), (-118, 289, 32)]
[(-14274, 5627, -6436), (-113, 269, 27)]
[(-14274, 5627, -6436), (-113, 269, 27)]
[(-14274, 5627, -6436), (-113, 269, 27)]
[(-14274, 5627, -6436), (-113, 269, 27)]
[(-14274, 5627, -6436), (-113, 269, 27)]
[(-14268, 5638, -6430), (-116, 299, 34)]
[(-14268, 5638, -6430), (-116, 299, 34)]
[(-14268, 5638, -6430), (-116, 299, 34)]
[(-14268, 5638, -6430), (-116, 299, 34)]
[(-14268, 5638, -6430), (-116, 299, 34)]
[(-14268, 5638, -6430), (-116, 299, 34)]
[(-14268, 5638, -6430), (-116, 299, 34)]
[(-14255, 5640, -6413), (-30, 202, 40)]
[(-14255, 5640, -6413), (-30, 202, 40)]
[(-14255, 5640, -6413), (-30, 202, 40)]
[(-14255, 5640, -6413), (-30, 202, 40)]
[(-14255, 5640, -6413), (-30, 202, 40)]
[(-14255, 5640, -6413), (-30, 202, 40)]
[(-14269, 5659, -6426), (46, 180, 62)]
[(-14269, 5659, -6426), (46, 180, 62)]
[(-14269, 5659, -6426), (46, 180, 62)]
[(-14269, 5659, -6426), (46, 180, 62)]
[(-14269, 5659, -6426), (46, 180, 62)]
[(-14259, 5635, -6464), (23, 209, 31)]
[(-14259, 5635, -6464), (23, 209, 31)]
[(-14259, 5635, -6464), (23, 209, 31)]
[(-14259, 5635, -6464), (23, 209, 31)]
[(-14259, 5635, -6464), (23, 209, 31)]
[(-14259, 5635, -6464), (23, 209, 31)]
[(-14259, 5635, -6464), (23, 209, 31)]
[(-14276, 5649, -6444), (105, 208, -22)]
[(-14276, 5649, -6444), (105, 208, -22)]
[(-14276, 5649, -6444), (105, 208, -22)]
[(-14276, 5649, -6444), (105, 208, -22)]
[(-14276, 5649, -6444), (105, 208, -22)]
[(-14276, 5649, -6444), (105, 208, -22)]
[(-14260, 5605, -6437), (38, 263, -17)]
[(-14260, 5605, -6437), (38, 263, -17)]
[(-14260, 5605, -6437), (38, 263, -17)]
[(-14260, 5605, -6437), (38, 263, -17)]
[(-14260, 5605, -6437), (38, 263, -17)]
[(-14288, 5622, -6437), (3, 321, -17)]
[(-14288, 5622, -6437), (3, 321, -17)]
[(-14288, 5622, -6437), (3, 321, -17)]
[(-14288, 5622, -6437), (3, 321, -17)]
[(-14288, 5622, -6437), (3, 321, -17)]
[(-14288, 5622, -6437), (3, 321, -17)]
[(-14288, 5622, -6437), (3, 321, -17)]
[(-14272, 5592, -6464), (-49, 352, -32)]
[(-14272, 5592, -6464), (-49, 352, -32)]
[(-14272, 5592, -6464), (-49, 352, -32)]
[(-14272, 5592, -6464), (-49, 352, -32)]
[(-14272, 5592, -6464), (-49, 352, -32)]
[(-14272, 5592, -6464), (-49, 352, -32)]
[(-14383, 5612, -6494), (-136, 349, 1)]
[(-14383, 5612, -6494), (-136, 349, 1)]
[(-14383, 5612, -6494), (-136, 349, 1)]
[(-14383, 5612, -6494), (-136, 349, 1)]
[(-14383, 5612, -6494), (-136, 349, 1)]
[(-14181, 5610, -6559), (-142, 485, -89)]
[(-14181, 5610, -6559), (-142, 485, -89)]
[(-14181, 5610, -6559), (-142, 485, -89)]
[(-14181, 5610, -6559), (-142, 485, -89)]
[(-14181, 5610, -6559), (-142, 485, -89)]
[(-14181, 5610, -6559), (-142, 485, -89)]
[(-14181, 5610, -6559), (-142, 485, -89)]
[(-14127, 5528, -6632), (-165, 461, -147)]
[(-14127, 5528, -6632), (-165, 461, -147)]
[(-14127, 5528, -6632), (-165, 461, -147)]
[(-14127, 5528, -6632), (-165, 461, -147)]
[(-14127, 5528, -6632), (-165, 461, -147)]
[(-14127, 5528, -6632), (-165, 461, -147)]
[(-14156, 5499, -6684), (-84, 295, -193)]
[(-14156, 5499, -6684), (-84, 295, -193)]
[(-14156, 5499, -6684), (-84, 295, -193)]
[(-14156, 5499, -6684), (-84, 295, -193)]
[(-14156, 5499, -6684), (-84, 295, -193)]
[(-14175, 5456, -6720), (-85, 314, -225)]
[(-14175, 5456, -6720), (-85, 314, -225)]
[(-14175, 5456, -6720), (-85, 314, -225)]
[(-14175, 5456, -6720), (-85, 314, -225)]
[(-14175, 5456, -6720), (-85, 314, -225)]
[(-14175, 5456, -6720), (-85, 314, -225)]
[(-14175, 5456, -6720), (-85, 314, -225)]
[(-14200, 5380, -6762), (-27, 302, -141)]
[(-14200, 5380, -6762), (-27, 302, -141)]
[(-14200, 5380, -6762), (-27, 302, -141)]
[(-14200, 5380, -6762), (-27, 302, -141)]
[(-14200, 5380, -6762), (-27, 302, -141)]
[(-14200, 5380, -6762), (-27, 302, -141)]
[(-14214, 5500, -6777), (-98, 148, 49)]
[(-14214, 5500, -6777), (-98, 148, 49)]
[(-14214, 5500, -6777), (-98, 148, 49)]
[(-14214, 5500, -6777), (-98, 148, 49)]
[(-14214, 5500, -6777), (-98, 148, 49)]
[(-14263, 5475, -6604), (-324, 41, 34)]
[(-14263, 5475, -6604), (-324, 41, 34)]
[(-14263, 5475, -6604), (-324, 41, 34)]
[(-14263, 5475, -6604), (-324, 41, 34)]
[(-14263, 5475, -6604), (-324, 41, 34)]
[(-14263, 5475, -6604), (-324, 41, 34)]
[(-14284, 5405, -6530), (69, 220, -25)]
[(-14284, 5405, -6530), (69, 220, -25)]
[(-14284, 5405, -6530), (69, 220, -25)]
[(-14284, 5405, -6530), (69, 220, -25)]
[(-14284, 5405, -6530), (69, 220, -25)]
[(-14284, 5405, -6530), (69, 220, -25)]
[(-14325, 5477, -6517), (121, 136, 65)]
[(-14325, 5477, -6517), (121, 136, 65)]
[(-14325, 5477, -6517), (121, 136, 65)]
[(-14325, 5477, -6517), (121, 136, 65)]
[(-14325, 5477, -6517), (121, 136, 65)]
[(-14326, 5466, -6468), (-80, 196, 36)]
[(-14326, 5466, -6468), (-80, 196, 36)]
[(-14326, 5466, -6468), (-80, 196, 36)]
[(-14326, 5466, -6468), (-80, 196, 36)]
[(-14326, 5466, -6468), (-80, 196, 36)]
[(-14336, 5477, -6473), (-6, 244, 74)]
[(-14336, 5477, -6473), (-6, 244, 74)]
[(-14336, 5477, -6473), (-6, 244, 74)]
[(-14336, 5477, -6473), (-6, 244, 74)]
[(-14336, 5477, -6473), (-6, 244, 74)]
[(-14336, 5477, -6473), (-6, 244, 74)]
[(-14336, 5477, -6473), (-6, 244, 74)]
[(-14336, 5477, -6473), (-6, 244, 74)]