[(-14321, 5510, -6459), (-145, 266, -13)]
[(-14315, 5505, -6445), (-161, 267, 7)]
[(-14315, 5505, -6445), (-161, 267, 7)]
[(-14309, 5516, -6460), (-160, 267, 11)]
[(-14309, 5516, -6460), (-160, 267, 11)]
[(-14309, 5516, -6460), (-160, 267, 11)]
[(-14309, 5516, -6460), (-160, 267, 11)]
[(-14309, 5516, -6460), (-160, 267, 11)]
[(-14309, 5516, -6460), (-160, 267, 11)]
[(-14309, 5516, -6460), (-160, 267, 11)]
[(-14352, 5545, -6448), (-152, 238, 69)]
[(-14352, 5545, -6448), (-152, 238, 69)]
[(-14352, 5545, -6448), (-152, 238, 69)]
[(-14352, 5545, -6448), (-152, 238, 69)]
[(-14352, 5545, -6448), (-152, 238, 69)]
[(-14332, 5526, -6454), (-136, 252, 27)]
[(-14332, 5526, -6454), (-136, 252, 27)]
[(-14332, 5526, -6454), (-136, 252, 27)]
[(-14332, 5526, -6454), (-136, 252, 27)]
[(-14332, 5526, -6454), (-136, 252, 27)]
[(-14332, 5526, -6454), (-136, 252, 27)]
[(-14344, 5528, -6465), (-131, 266, 34)]
[(-14344, 5528, -6465), (-131, 266, 34)]
[(-14344, 5528, -6465), (-131, 266, 34)]
[(-14344, 5528, -6465), (-131, 266, 34)]
[(-14344, 5528, -6465), (-131, 266, 34)]
[(-14344, 5528, -6465), (-131, 266, 34)]
[(-14344, 5528, -6465), (-131, 266, 34)]
[(-14349, 5515, -6439), (-52, 219, 26)]
[(-14349, 5515, -6439), (-52, 219, 26)]
[(-14349, 5515, -6439), (-52, 219, 26)]
[(-14349, 5515, -6439), (-52, 219, 26)]
[(-14349, 5515, -6439), (-52, 219, 26)]
[(-14342, 5532, -6431), (5, 230, 44)]
[(-14342, 5532, -6431), (5, 230, 44)]
[(-14342, 5532, -6431), (5, 230, 44)]
[(-14342, 5532, -6431), (5, 230, 44)]
[(-14342, 5532, -6431), (5, 230, 44)]
[(-14342, 5532, -6431), (5, 230, 44)]
[(-14351, 5534, -6450), (8, 319, 68)]
[(-14351, 5534, -6450), (8, 319, 68)]
[(-14351, 5534, -6450), (8, 319, 68)]
[(-14351, 5534, -6450), (8, 319, 68)]
[(-14351, 5534, -6450), (8, 319, 68)]
[(-14351, 5534, -6450), (8, 319, 68)]
[(-14351, 5534, -6450), (8, 319, 68)]
[(-14321, 5528, -6419), (9, 325, 62)]
[(-14321, 5528, -6419), (9, 325, 62)]
[(-14321, 5528, -6419), (9, 325, 62)]
[(-14321, 5528, -6419), (9, 325, 62)]
[(-14321, 5528, -6419), (9, 325, 62)]
[(-14372, 5532, -6415), (-146, 328, 40)]
[(-14372, 5532, -6415), (-146, 328, 40)]
[(-14372, 5532, -6415), (-146, 328, 40)]
[(-14372, 5532, -6415), (-146, 328, 40)]
[(-14372, 5532, -6415), (-146, 328, 40)]
[(-14372, 5532, -6415), (-146, 328, 40)]
[(-14338, 5527, -6475), (-185, 322, -69)]
[(-14338, 5527, -6475), (-185, 322, -69)]
[(-14338, 5527, -6475), (-185, 322, -69)]
[(-14338, 5527, -6475), (-185, 322, -69)]
[(-14338, 5527, -6475), (-185, 322, -69)]
[(-14499, 5551, -6468), (-448, 469, -139)]
[(-14499, 5551, -6468), (-448, 469, -139)]
[(-14499, 5551, -6468), (-448, 469, -139)]
[(-14499, 5551, -6468), (-448, 469, -139)]
[(-14499, 5551, -6468), (-448, 469, -139)]
[(-14499, 5551, -6468), (-448, 469, -139)]
[(-14499, 5551, -6468), (-448, 469, -139)]
[(-14471, 5494, -6485), (-504, 392, -167)]
[(-14471, 5494, -6485), (-504, 392, -167)]
[(-14471, 5494, -6485), (-504, 392, -167)]
[(-14471, 5494, -6485), (-504, 392, -167)]
[(-14471, 5494, -6485), (-504, 392, -167)]
[(-14471, 5494, -6485), (-504, 392, -167)]
[(-14419, 5467, -6527), (-462, 379, -165)]
[(-14419, 5467, -6527), (-462, 379, -165)]
[(-14419, 5467, -6527), (-462, 379, -165)]
[(-14419, 5467, -6527), (-462, 379, -165)]
[(-14419, 5467, -6527), (-462, 379, -165)]
[(-14396, 5463, -6560), (-446, 372, -95)]
[(-14396, 5463, -6560), (-446, 372, -95)]
[(-14396, 5463, -6560), (-446, 372, -95)]
[(-14396, 5463, -6560), (-446, 372, -95)]
[(-14396, 5463, -6560), (-446, 372, -95)]
[(-14396, 5463, -6560), (-446, 372, -95)]
[(-14396, 5463, -6560), (-446, 372, -95)]
[(-14383, 5488, -6544), (-449, 413, 15)]
[(-14383, 5488, -6544), (-449, 413, 15)]
[(-14383, 5488, -6544), (-449, 413, 15)]
[(-14383, 5488, -6544), (-449, 413, 15)]
[(-14383, 5488, -6544), (-449, 413, 15)]
[(-14383, 5488, -6544), (-449, 413, 15)]
[(-14372, 5492, -6584), (-327, 471, 41)]
[(-14372, 5492, -6584), (-327, 471, 41)]
[(-14372, 5492, -6584), (-327, 471, 41)]
[(-14372, 5492, -6584), (-327, 471, 41)]
[(-14372, 5492, -6584), (-327, 471, 41)]
[(-14337, 5570, -6604), (-160, 371, 69)]
[(-14337, 5570, -6604), (-160, 371, 69)]
[(-14337, 5570, -6604), (-160, 371, 69)]
[(-14337, 5570, -6604), (-160, 371, 69)]
[(-14337, 5570, -6604), (-160, 371, 69)]
[(-14337, 5570, -6604), (-160, 371, 69)]
[(-14320, 5570, -6562), (-231, 115, 71)]
[(-14320, 5570, -6562), (-231, 115, 71)]
[(-14320, 5570, -6562), (-231, 115, 71)]
[(-14320, 5570, -6562), (-231, 115, 71)]
[(-14320, 5570, -6562), (-231, 115, 71)]
[(-14320, 5570, -6562), (-231, 115, 71)]
[(-14331, 5548, -6536), (-155, 219, 41)]
[(-14331, 5548, -6536), (-155, 219, 41)]
[(-14331, 5548, -6536), (-155, 219, 41)]
[(-14331, 5548, -6536), (-155, 219, 41)]
[(-14331, 5548, -6536), (-155, 219, 41)]
[(-14337, 5583, -6543), (-186, 219, 20)]
[(-14337, 5583, -6543), (-186, 219, 20)]
[(-14337, 5583, -6543), (-186, 219, 20)]
[(-14337, 5583, -6543), (-186, 219, 20)]
[(-14337, 5583, -6543), (-186, 219, 20)]
[(-14337, 5583, -6543), (-186, 219, 20)]
[(-14337, 5583, -6543), (-186, 219, 20)]
[(-14337, 5583, -6543), (-186, 219, 20)]
[(-14326, 5578, -6536), (-232, 237, -10)]
[(-14326, 5578, -6536), (-232, 237, -10)]
[(-14326, 5578, -6536), (-232, 237, -10)]
[(-14326, 5578, -6536), (-232, 237, -10)]