[(-14274, 5436, -6558), (-180, 185, -37)]
[(-14283, 5455, -6532), (-137, 162, -3)]
[(-14283, 5455, -6532), (-137, 162, -3)]
[(-14283, 5455, -6532), (-137, 162, -3)]
[(-14283, 5455, -6532), (-137, 162, -3)]
[(-14302, 5434, -6519), (-88, 180, 3)]
[(-14302, 5434, -6519), (-88, 180, 3)]
[(-14302, 5434, -6519), (-88, 180, 3)]
[(-14302, 5434, -6519), (-88, 180, 3)]
[(-14302, 5434, -6519), (-88, 180, 3)]
[(-14285, 5416, -6502), (-8, 170, 7)]
[(-14285, 5416, -6502), (-8, 170, 7)]
[(-14285, 5416, -6502), (-8, 170, 7)]
[(-14285, 5416, -6502), (-8, 170, 7)]
[(-14285, 5416, -6502), (-8, 170, 7)]
[(-14294, 5411, -6527), (23, 199, 41)]
[(-14294, 5411, -6527), (23, 199, 41)]
[(-14294, 5411, -6527), (23, 199, 41)]
[(-14294, 5411, -6527), (23, 199, 41)]
[(-14294, 5411, -6527), (23, 199, 41)]
[(-14294, 5411, -6527), (23, 199, 41)]
[(-14294, 5411, -6527), (23, 199, 41)]
[(-14294, 5411, -6527), (23, 199, 41)]
[(-14291, 5409, -6511), (-9, 220, 80)]
[(-14291, 5409, -6511), (-9, 220, 80)]
[(-14291, 5409, -6511), (-9, 220, 80)]
[(-14291, 5409, -6511), (-9, 220, 80)]
[(-14291, 5409, -6511), (-9, 220, 80)]
[(-14302, 5411, -6504), (-30, 232, 60)]
[(-14302, 5411, -6504), (-30, 232, 60)]
[(-14302, 5411, -6504), (-30, 232, 60)]
[(-14302, 5411, -6504), (-30, 232, 60)]
[(-14302, 5411, -6504), (-30, 232, 60)]
[(-14305, 5464, -6475), (-119, 278, 49)]
[(-14305, 5464, -6475), (-119, 278, 49)]
[(-14305, 5464, -6475), (-119, 278, 49)]
[(-14305, 5464, -6475), (-119, 278, 49)]
[(-14305, 5464, -6475), (-119, 278, 49)]
[(-14305, 5464, -6475), (-119, 278, 49)]
[(-14305, 5464, -6475), (-119, 278, 49)]
[(-14305, 5464, -6475), (-119, 278, 49)]
[(-14305, 5464, -6475), (-119, 278, 49)]
[(-14228, 5496, -6550), (-516, 411, 22)]
[(-14228, 5496, -6550), (-516, 411, 22)]
[(-14228, 5496, -6550), (-516, 411, 22)]
[(-14228, 5496, -6550), (-516, 411, 22)]
[(-14244, 5503, -6591), (-729, 563, -21)]
[(-14244, 5503, -6591), (-729, 563, -21)]
[(-14244, 5503, -6591), (-729, 563, -21)]
[(-14244, 5503, -6591), (-729, 563, -21)]
[(-14244, 5503, -6591), (-729, 563, -21)]
[(-14244, 5503, -6591), (-729, 563, -21)]
[(-14230, 5517, -6634), (-722, 511, -56)]
[(-14230, 5517, -6634), (-722, 511, -56)]
[(-14230, 5517, -6634), (-722, 511, -56)]
[(-14230, 5517, -6634), (-722, 511, -56)]
[(-14230, 5517, -6634), (-722, 511, -56)]
[(-14230, 5517, -6634), (-722, 511, -56)]
[(-14230, 5517, -6634), (-722, 511, -56)]
[(-14213, 5520, -6648), (-671, 413, -33)]
[(-14213, 5520, -6648), (-671, 413, -33)]
[(-14213, 5520, -6648), (-671, 413, -33)]
[(-14213, 5520, -6648), (-671, 413, -33)]
[(-14213, 5520, -6648), (-671, 413, -33)]
[(-14214, 5541, -6660), (-551, 404, -38)]
[(-14214, 5541, -6660), (-551, 404, -38)]
[(-14214, 5541, -6660), (-551, 404, -38)]
[(-14214, 5541, -6660), (-551, 404, -38)]
[(-14214, 5541, -6660), (-551, 404, -38)]
[(-14214, 5541, -6660), (-551, 404, -38)]
[(-14258, 5593, -6623), (-529, 311, -35)]
[(-14258, 5593, -6623), (-529, 311, -35)]
[(-14258, 5593, -6623), (-529, 311, -35)]
[(-14258, 5593, -6623), (-529, 311, -35)]
[(-14258, 5593, -6623), (-529, 311, -35)]
[(-14258, 5593, -6623), (-529, 311, -35)]
[(-14258, 5593, -6623), (-529, 311, -35)]
[(-14265, 5609, -6568), (-510, 293, -82)]
[(-14265, 5609, -6568), (-510, 293, -82)]
[(-14265, 5609, -6568), (-510, 293, -82)]
[(-14265, 5609, -6568), (-510, 293, -82)]
[(-14265, 5609, -6568), (-510, 293, -82)]
[(-14284, 5584, -6541), (-263, 191, -42)]
[(-14284, 5584, -6541), (-263, 191, -42)]
[(-14284, 5584, -6541), (-263, 191, -42)]
[(-14284, 5584, -6541), (-263, 191, -42)]
[(-14284, 5584, -6541), (-263, 191, -42)]
[(-14318, 5598, -6556), (-134, 185, 1)]
[(-14318, 5598, -6556), (-134, 185, 1)]
[(-14318, 5598, -6556), (-134, 185, 1)]
[(-14318, 5598, -6556), (-134, 185, 1)]
[(-14318, 5598, -6556), (-134, 185, 1)]
[(-14318, 5598, -6556), (-134, 185, 1)]
[(-14318, 5598, -6556), (-134, 185, 1)]
[(-14301, 5584, -6577), (-154, 243, -24)]
[(-14301, 5584, -6577), (-154, 243, -24)]
[(-14301, 5584, -6577), (-154, 243, -24)]
[(-14301, 5584, -6577), (-154, 243, -24)]
[(-14301, 5584, -6577), (-154, 243, -24)]
[(-14297, 5569, -6547), (-136, 247, -20)]
[(-14297, 5569, -6547), (-136, 247, -20)]
[(-14297, 5569, -6547), (-136, 247, -20)]
[(-14297, 5569, -6547), (-136, 247, -20)]
[(-14297, 5569, -6547), (-136, 247, -20)]
[(-14297, 5569, -6547), (-136, 247, -20)]
[(-14295, 5583, -6525), (-76, 210, 9)]
[(-14295, 5583, -6525), (-76, 210, 9)]
[(-14295, 5583, -6525), (-76, 210, 9)]
[(-14295, 5583, -6525), (-76, 210, 9)]