[(-14261, 6976, -4271), (-332, 391, -99)]
[(-14295, 6900, -4335), (-258, 515, -109)]
[(-14295, 6900, -4335), (-258, 515, -109)]
[(-14295, 6900, -4335), (-258, 515, -109)]
[(-14295, 6900, -4335), (-258, 515, -109)]
[(-14295, 6900, -4335), (-258, 515, -109)]
[(-14295, 6900, -4335), (-258, 515, -109)]
[(-14295, 6900, -4335), (-258, 515, -109)]
[(-14350, 6853, -4389), (-202, 155, -46)]
[(-14350, 6853, -4389), (-202, 155, -46)]
[(-14350, 6853, -4389), (-202, 155, -46)]
[(-14350, 6853, -4389), (-202, 155, -46)]
[(-14350, 6853, -4389), (-202, 155, -46)]
[(-14350, 6853, -4389), (-202, 155, -46)]
[(-14334, 6845, -4452), (-342, 51, -50)]
[(-14334, 6845, -4452), (-342, 51, -50)]
[(-14334, 6845, -4452), (-342, 51, -50)]
[(-14334, 6845, -4452), (-342, 51, -50)]
[(-14334, 6845, -4452), (-342, 51, -50)]
[(-14336, 6828, -4436), (-258, -25, 30)]
[(-14336, 6828, -4436), (-258, -25, 30)]
[(-14336, 6828, -4436), (-258, -25, 30)]
[(-14336, 6828, -4436), (-258, -25, 30)]
[(-14336, 6828, -4436), (-258, -25, 30)]
[(-14336, 6828, -4436), (-258, -25, 30)]
[(-14336, 6828, -4436), (-258, -25, 30)]
[(-14362, 6864, -4402), (-179, -93, 105)]
[(-14362, 6864, -4402), (-179, -93, 105)]
[(-14362, 6864, -4402), (-179, -93, 105)]
[(-14362, 6864, -4402), (-179, -93, 105)]
[(-14362, 6864, -4402), (-179, -93, 105)]
[(-14362, 6864, -4402), (-179, -93, 105)]
[(-14344, 6879, -4336), (-41, -163, 213)]
[(-14344, 6879, -4336), (-41, -163, 213)]
[(-14344, 6879, -4336), (-41, -163, 213)]
[(-14344, 6879, -4336), (-41, -163, 213)]
[(-14344, 6879, -4336), (-41, -163, 213)]
[(-14300, 6962, -4282), (-38, -75, 219)]
[(-14300, 6962, -4282), (-38, -75, 219)]
[(-14300, 6962, -4282), (-38, -75, 219)]
[(-14300, 6962, -4282), (-38, -75, 219)]
[(-14300, 6962, -4282), (-38, -75, 219)]
[(-14300, 6962, -4282), (-38, -75, 219)]
[(-14300, 6962, -4282), (-38, -75, 219)]
[(-14291, 7024, -4286), (-50, 14, 211)]
[(-14291, 7024, -4286), (-50, 14, 211)]
[(-14291, 7024, -4286), (-50, 14, 211)]
[(-14291, 7024, -4286), (-50, 14, 211)]
[(-14291, 7024, -4286), (-50, 14, 211)]
[(-14291, 7024, -4286), (-50, 14, 211)]
[(-14291, 7024, -4286), (-50, 14, 211)]
[(-14291, 7024, -4286), (-50, 14, 211)]
[(-14264, 7083, -4249), (-62, 50, 210)]
[(-14264, 7083, -4249), (-62, 50, 210)]
[(-14264, 7083, -4249), (-62, 50, 210)]
[(-14246, 7116, -4236), (-103, 65, 173)]
[(-14246, 7116, -4236), (-103, 65, 173)]
[(-14246, 7116, -4236), (-103, 65, 173)]
[(-14246, 7116, -4236), (-103, 65, 173)]
[(-14246, 7116, -4236), (-103, 65, 173)]
[(-14246, 7116, -4236), (-103, 65, 173)]
[(-14246, 7116, -4236), (-103, 65, 173)]
[(-14232, 7136, -4239), (-94, 89, 128)]
[(-14232, 7136, -4239), (-94, 89, 128)]
[(-14232, 7136, -4239), (-94, 89, 128)]
[(-14232, 7136, -4239), (-94, 89, 128)]
[(-14232, 7136, -4239), (-94, 89, 128)]
[(-14232, 7136, -4239), (-94, 89, 128)]
[(-14262, 7176, -4260), (-124, 81, 86)]
[(-14262, 7176, -4260), (-124, 81, 86)]
[(-14262, 7176, -4260), (-124, 81, 86)]
[(-14262, 7176, -4260), (-124, 81, 86)]
[(-14262, 7176, -4260), (-124, 81, 86)]
[(-14250, 7184, -4220), (-175, 104, 48)]
[(-14250, 7184, -4220), (-175, 104, 48)]
[(-14250, 7184, -4220), (-175, 104, 48)]
[(-14250, 7184, -4220), (-175, 104, 48)]
[(-14250, 7184, -4220), (-175, 104, 48)]
[(-14250, 7184, -4220), (-175, 104, 48)]
[(-14250, 7184, -4220), (-175, 104, 48)]
[(-14250, 7184, -4220), (-175, 104, 48)]
[(-14235, 7187, -4174), (-137, 108, 38)]
[(-14235, 7187, -4174), (-137, 108, 38)]
[(-14235, 7187, -4174), (-137, 108, 38)]
[(-14235, 7187, -4174), (-137, 108, 38)]
[(-14235, 7187, -4174), (-137, 108, 38)]
[(-14232, 7175, -4163), (-96, 83, 57)]
[(-14232, 7175, -4163), (-96, 83, 57)]
[(-14232, 7175, -4163), (-96, 83, 57)]
[(-14228, 7192, -4171), (-71, 108, 47)]
[(-14228, 7192, -4171), (-71, 108, 47)]
[(-14228, 7192, -4171), (-71, 108, 47)]
[(-14228, 7192, -4171), (-71, 108, 47)]
[(-14228, 7192, -4171), (-71, 108, 47)]
[(-14228, 7192, -4171), (-71, 108, 47)]
[(-14228, 7192, -4171), (-71, 108, 47)]
[(-14228, 7192, -4171), (-71, 108, 47)]
[(-14231, 7215, -4163), (-67, 107, 28)]
[(-14231, 7215, -4163), (-67, 107, 28)]
[(-14231, 7215, -4163), (-67, 107, 28)]
[(-14231, 7215, -4163), (-67, 107, 28)]
[(-14231, 7215, -4163), (-67, 107, 28)]
[(-14241, 7204, -4163), (-86, 115, 13)]
[(-14241, 7204, -4163), (-86, 115, 13)]
[(-14241, 7204, -4163), (-86, 115, 13)]
[(-14241, 7204, -4163), (-86, 115, 13)]
[(-14241, 7204, -4163), (-86, 115, 13)]
[(-14250, 7196, -4140), (-90, 121, 0)]
[(-14250, 7196, -4140), (-90, 121, 0)]
[(-14250, 7196, -4140), (-90, 121, 0)]